analysis/data/raw_data/dwd_gridded/monthly_precipitation_01_Jan_grids_germany_monthly_precipitation_188301.asc
NCOLS 654
NROWS 866
XLLCORNER 3280414.711633467
YLLCORNER 5237500.62890625
CELLSIZE 1000
NODATA_VALUE -999
[rows 364 to 415 of 866, columns 192 to 287 of 654]
42 42 43 44 44 44 45 46 46 47 48 50 50 50 52 52 54 56 61 60 65 71 69 73 73 73 68 64 64 66 63 63 63 61 65 65 56 55 57 55 50 49 49 53 55 55 48 53 49 42 41 41 45 39 39 39 38 41 43 44 42 47 47 45 49 50 50 49 56 54 52 51 47 44 43 42 46 50 48 42 39 42 40 37 36 36 34 34 35 33 33 33 33 36 41 38
42 42 43 43 44 44 44 46 46 46 48 49 50 50 51 52 54 56 57 61 69 71 64 72 70 80 70 67 68 66 65 65 65 65 62 62 58 57 57 54 50 50 50 54 54 48 47 45 45 51 47 40 41 39 39 39 40 43 46 48 45 48 51 46 49 48 52 54 56 54 52 50 46 44 44 43 43 44 43 43 41 46 43 40 37 36 35 34 35 35 34 33 33 38 36 44
41 42 43 42 44 44 45 44 46 48 48 48 48 50 51 52 53 56 61 63 69 65 67 67 71 75 75 69 68 68 72 67 71 69 68 61 57 57 53 55 53 52 51 56 55 55 56 51 48 54 51 50 42 40 39 38 40 45 48 50 51 44 45 46 47 47 53 58 57 57 56 52 47 46 43 45 46 46 45 44 44 46 50 43 40 37 35 35 35 36 35 33 32 31 34 36
42 42 42 43 44 44 45 46 46 46 48 48 48 50 50 52 54 55 61 66 60 62 68 67 67 74 82 78 75 71 74 70 74 71 65 63 59 59 55 52 57 57 54 50 53 59 56 49 54 55 56 52 51 37 38 38 42 46 50 52 52 51 48 48 51 54 55 59 59 59 57 52 49 45 47 48 49 50 48 47 43 45 51 50 42 45 37 36 35 35 35 33 31 32 33 36
41 41 42 43 44 44 45 46 46 46 47 48 48 48 50 54 54 54 55 56 65 70 68 72 69 74 81 82 80 73 70 68 70 73 70 65 63 60 58 53 54 56 52 49 52 58 54 50 53 55 49 52 37 37 38 37 43 47 52 52 52 52 52 48 51 57 59 63 62 58 56 52 50 50 50 52 53 49 47 45 47 45 48 51 50 43 42 38 35 34 33 33 32 32 31 32
41 41 42 42 44 44 45 46 46 46 47 48 48 48 51 54 55 58 61 67 65 69 70 71 69 75 80 76 73 75 78 70 70 72 66 63 63 57 55 51 53 53 50 50 54 57 58 56 54 52 49 40 37 37 38 40 44 49 50 52 54 54 52 50 56 58 62 64 62 60 58 51 52 53 54 53 54 54 49 51 48 47 46 45 45 53 44 46 40 35 34 33 32 31 31 35
41 41 42 43 44 45 46 46 47 47 47 48 48 50 51 54 56 57 61 66 63 64 67 68 71 76 80 80 74 75 82 74 71 71 64 62 60 55 53 52 52 52 53 51 54 48 56 52 52 51 42 42 37 37 35 42 46 50 54 54 55 56 48 52 59 59 64 66 69 62 60 56 57 55 55 57 56 58 48 50 49 47 50 51 45 42 47 42 37 37 36 35 32 31 33 36
41 42 43 44 43 44 45 46 48 48 46 48 48 50 53 55 57 59 61 64 66 63 63 65 68 75 80 75 71 71 73 69 65 65 62 56 60 56 53 51 51 51 53 48 51 49 51 46 49 50 43 38 37 39 36 38 44 48 52 54 55 53 55 48 53 58 59 62 66 63 58 60 57 57 58 59 60 54 51 56 50 48 49 53 47 43 42 38 38 38 41 35 33 31 31 31
42 43 43 45 46 45 45 46 47 47 48 48 49 51 52 56 57 57 59 63 64 60 64 65 67 73 78 80 71 71 74 66 63 61 58 55 60 58 53 51 51 53 53 49 44 43 40 42 40 40 38 38 39 39 37 41 46 50 51 53 51 55 57 58 49 50 57 60 63 64 59 60 59 60 61 62 60 59 52 56 52 48 48 50 47 45 41 38 39 37 38 35 34 31 31 31
42 43 43 44 46 46 46 46 47 48 50 50 52 51 54 55 54 57 59 57 57 62 66 64 67 71 75 81 73 69 68 69 62 59 63 57 56 52 55 52 51 51 49 46 43 45 48 39 39 38 41 43 50 43 41 35 46 47 50 47 51 54 49 57 55 48 54 56 63 65 56 61 62 64 55 59 56 56 50 56 55 49 47 50 47 47 41 37 37 36 35 33 31 30 29 29
43 43 43 43 45 46 46 46 48 50 51 53 52 52 52 53 53 52 57 54 59 61 65 63 67 72 72 77 70 71 71 65 60 57 63 61 58 56 54 56 55 50 46 45 45 45 43 42 46 42 45 45 48 42 40 40 45 44 46 46 47 49 52 49 48 49 47 51 58 64 58 59 56 58 51 52 55 50 48 56 54 51 47 45 50 47 42 38 36 37 34 32 33 31 29 28
43 43 44 43 44 46 46 46 48 50 52 55 53 52 55 56 55 57 52 57 57 62 65 64 66 69 70 72 66 67 65 65 62 56 58 60 56 55 52 54 56 52 47 45 51 48 44 50 44 44 47 49 46 43 40 41 46 47 48 46 48 48 43 43 44 50 47 46 50 54 56 47 50 49 51 51 52 53 48 53 55 55 50 44 46 44 42 37 36 34 34 36 35 31 29 26
43 43 43 43 45 46 46 45 48 50 53 55 50 53 55 55 57 59 56 61 61 59 59 63 66 68 66 66 65 67 61 63 62 63 58 57 58 55 52 52 56 55 53 44 51 50 43 47 46 45 44 45 48 42 41 42 43 49 52 52 52 49 44 44 42 52 54 48 45 48 49 47 47 47 47 50 55 50 48 47 53 51 51 47 42 45 39 37 35 36 36 38 37 29 28 26
43 43 44 44 46 47 47 47 46 49 46 51 51 53 52 53 56 58 59 62 59 56 58 61 65 67 63 64 70 63 63 61 63 61 60 58 57 56 49 53 55 54 51 51 53 53 47 47 46 48 49 44 49 42 44 44 47 50 51 52 52 52 49 46 47 44 52 52 48 47 47 48 49 48 45 47 50 47 43 50 55 51 46 43 42 47 38 36 35 35 34 37 32 29 27 27
43 43 43 45 45 46 47 45 45 47 49 46 50 54 54 53 57 59 58 53 56 61 61 59 61 63 66 60 65 64 63 60 58 57 58 55 54 52 53 55 52 54 55 52 53 53 50 51 45 43 44 40 39 41 42 44 45 50 50 48 47 38 48 46 41 41 46 54 48 50 48 47 47 47 44 45 44 48 49 50 47 53 53 48 38 44 37 35 33 33 32 38 29 28 29 28
44 45 45 45 46 47 44 43 44 49 51 52 53 54 55 55 55 54 53 56 58 60 60 61 62 62 65 58 61 64 64 60 61 59 57 53 53 49 53 52 52 55 53 53 53 51 51 51 47 41 38 40 49 38 40 41 44 41 47 40 49 41 41 39 40 40 41 49 53 48 46 45 43 42 45 45 53 54 56 52 51 55 51 45 38 38 35 35 34 33 32 32 29 30 31 32
46 46 46 46 47 43 45 48 46 44 46 50 52 54 56 57 57 53 57 57 58 59 62 61 61 64 64 57 57 62 61 59 59 59 57 55 52 51 53 50 50 54 52 51 50 51 48 46 42 45 49 48 45 38 38 38 41 45 44 41 50 41 42 38 45 38 40 45 52 51 47 43 40 45 47 47 55 56 55 55 55 53 48 42 40 42 36 34 32 32 31 29 30 36 32 30
46 46 46 47 48 45 46 48 50 48 48 48 50 53 55 56 57 53 57 55 57 60 60 59 60 66 63 56 55 55 57 60 55 55 56 54 51 50 50 48 54 50 50 48 47 48 47 45 40 44 49 51 50 46 49 44 40 44 44 43 45 46 39 40 39 39 41 45 46 47 41 46 45 40 42 47 51 55 56 55 55 49 45 43 43 43 34 34 33 31 31 29 30 31 34 35
46 47 48 44 46 46 48 48 50 51 49 47 50 52 54 55 48 54 58 55 55 56 57 57 60 64 64 62 55 53 55 56 58 52 50 49 48 46 48 50 50 49 47 45 44 43 44 39 48 49 50 49 46 46 42 43 42 44 44 40 45 43 46 48 49 40 42 43 48 45 41 42 39 38 40 48 56 53 55 49 50 46 43 46 45 38 34 32 32 31 31 29 30 35 32 36
48 48 45 46 48 47 49 50 52 53 50 50 50 53 54 47 53 58 58 55 55 59 59 60 58 61 60 64 55 53 57 55 50 50 50 49 48 46 48 47 46 46 44 42 41 41 40 41 45 46 48 47 48 46 46 46 40 39 40 44 49 47 51 52 53 43 44 50 49 55 47 45 42 39 41 47 53 47 50 53 47 44 40 40 41 39 36 31 31 30 31 29 31 33 40 35
49 47 45 48 50 46 50 52 53 53 48 47 51 53 48 51 52 55 57 57 56 58 57 57 57 57 59 57 57 52 56 53 50 55 52 49 47 45 46 45 45 45 42 40 40 40 40 40 42 44 46 42 45 42 40 38 38 38 41 47 49 49 54 56 53 43 47 54 54 49 52 49 47 45 40 45 42 50 50 49 40 40 41 44 40 36 32 31 31 33 29 29 31 35 39 38
49 45 48 50 50 49 50 53 53 51 51 48 44 44 45 47 53 57 55 56 57 57 55 55 57 57 61 60 63 53 51 51 50 54 51 46 46 46 46 44 44 43 41 41 43 40 43 40 41 42 44 41 41 40 40 36 37 42 42 47 49 51 55 54 54 48 43 41 40 42 49 49 46 46 40 42 45 50 45 45 38 40 41 41 40 38 32 31 32 32 29 30 34 36 40 45
50 51 48 53 53 52 52 54 53 53 48 50 51 52 45 48 46 51 55 53 55 56 56 55 56 57 56 59 62 54 50 53 50 53 48 45 44 45 45 41 40 40 40 39 40 41 41 39 43 41 42 44 42 44 43 39 39 40 45 42 44 49 52 55 64 55 54 47 40 44 51 51 43 42 41 40 41 45 43 42 38 39 40 37 34 33 32 31 29 31 31 30 34 41 42 41
53 54 52 55 53 53 55 54 53 53 52 54 54 47 48 53 50 48 50 53 53 54 55 56 53 55 56 57 62 56 52 50 51 51 46 44 43 43 43 39 38 39 38 38 38 38 38 39 39 39 43 44 45 50 44 40 38 40 43 44 47 44 46 51 59 62 63 49 40 44 52 49 44 47 45 42 38 40 41 37 40 40 42 38 40 35 35 35 29 28 28 29 32 36 39 38
55 55 55 53 55 54 56 54 55 53 55 55 53 52 48 50 49 50 54 53 51 54 55 58 54 58 59 59 59 57 51 52 50 50 46 43 43 43 41 39 37 37 37 37 37 37 38 39 38 37 44 46 44 44 40 38 37 44 42 42 46 42 47 46 51 55 61 51 40 44 53 52 47 52 54 50 44 39 40 37 41 43 39 35 37 37 36 31 29 28 29 28 30 33 36 39
55 57 56 55 56 57 55 57 55 55 53 54 53 53 50 50 49 53 55 56 50 55 56 56 55 59 55 52 55 56 49 48 47 48 43 41 43 41 39 38 37 36 36 37 38 38 38 38 39 38 42 42 42 42 38 36 38 44 41 44 46 45 44 48 49 55 57 53 43 39 46 53 51 49 52 50 43 38 42 43 45 40 37 36 36 36 35 31 29 28 29 28 29 30 31 38
56 53 56 58 58 58 55 55 51 48 50 50 51 53 53 51 52 50 56 57 53 56 55 51 50 51 48 48 50 51 50 46 47 43 43 41 40 39 38 37 37 36 35 37 37 37 37 38 39 37 44 42 40 35 35 36 38 43 41 44 43 43 46 45 48 51 52 52 53 44 37 41 44 52 50 50 43 40 39 39 37 38 39 40 37 37 37 32 30 28 28 28 28 30 34 30
53 53 55 53 55 57 53 50 48 48 48 46 47 48 50 52 53 52 55 55 54 55 55 50 48 49 48 45 48 48 49 47 45 46 45 42 41 40 39 37 36 36 35 35 37 37 36 37 39 37 41 39 35 35 37 36 37 42 41 42 40 39 44 49 47 49 52 44 51 51 36 38 38 42 49 46 42 44 40 38 41 45 43 38 37 37 34 31 28 28 27 27 27 29 35 36
49 53 53 55 55 53 53 50 47 46 47 48 48 48 50 53 53 54 55 57 56 55 55 53 48 48 48 42 48 44 46 43 42 40 41 41 42 41 38 37 37 38 35 35 35 36 36 39 39 37 35 36 37 41 35 35 36 43 44 41 39 38 41 48 51 51 53 51 42 45 37 49 54 49 39 45 42 43 39 39 38 43 38 37 39 38 35 33 29 28 27 27 27 28 34 36
55 53 54 54 53 53 46 45 46 45 45 48 48 49 50 53 53 54 55 56 49 50 49 53 47 45 47 43 41 40 40 40 39 39 41 41 40 39 39 37 35 35 35 34 35 38 39 39 41 37 35 44 43 37 35 48 40 42 42 41 39 38 45 47 49 53 53 48 36 37 39 52 54 47 47 38 40 39 41 42 39 41 40 40 39 37 34 31 29 29 27 27 27 27 29 36
58 53 52 48 48 52 50 50 48 45 45 47 48 48 50 53 53 54 55 53 50 50 45 46 50 45 45 43 39 41 40 38 37 38 38 37 37 38 38 37 36 35 35 34 35 38 37 41 41 35 44 48 41 46 36 36 37 42 43 40 39 42 45 50 50 51 55 46 38 55 57 57 52 49 47 43 41 40 41 43 40 42 41 40 39 37 35 34 30 29 29 26 26 26 30 34
58 57 58 55 56 54 52 46 51 47 46 50 50 50 51 54 54 55 54 45 43 45 44 42 40 40 40 40 40 47 45 40 37 36 39 39 37 37 36 36 37 35 35 32 36 39 33 37 34 34 40 42 40 38 36 36 40 42 43 40 39 39 42 47 51 51 58 46 38 40 44 53 55 51 47 42 40 39 42 43 42 43 45 40 40 38 35 31 30 29 27 26 25 26 28 31
60 61 60 58 58 58 53 49 50 53 51 50 53 53 54 53 55 56 55 46 45 41 40 40 41 46 42 40 40 43 46 40 38 37 37 36 36 35 36 35 37 37 34 33 35 37 33 31 35 37 42 42 41 36 38 38 37 42 40 37 40 43 40 46 51 47 51 45 40 40 44 44 53 51 44 41 40 40 43 45 43 48 48 43 40 38 36 32 30 30 28 26 25 25 29 27
58 55 60 58 59 60 58 54 52 49 50 51 50 53 53 55 56 53 47 45 40 41 41 45 43 44 47 40 40 42 48 41 39 39 34 34 37 35 34 31 32 35 35 32 32 32 35 33 33 41 42 40 37 37 36 36 38 38 38 39 39 43 45 42 49 44 47 57 44 40 42 53 54 47 39 40 39 41 43 47 50 50 46 45 40 40 36 32 30 30 28 26 26 26 27 26
54 53 55 55 59 61 61 58 55 52 56 55 54 55 56 55 53 50 43 43 45 43 45 45 41 44 48 42 44 41 43 40 38 36 38 37 34 34 35 32 32 35 32 32 34 37 38 37 31 38 40 40 40 36 34 34 35 38 40 40 41 40 46 46 46 49 53 59 49 44 45 42 51 47 44 41 37 41 44 50 55 50 48 43 43 40 35 32 30 29 28 27 26 29 27 27
56 58 56 56 56 58 63 60 60 58 58 58 58 58 53 50 43 44 42 45 45 47 44 42 43 41 47 45 45 42 42 43 42 37 36 36 36 36 36 35 36 34 35 37 36 39 39 37 31 36 39 38 39 36 33 32 33 36 38 38 40 43 43 44 46 51 51 57 55 53 45 42 38 51 48 45 39 38 39 43 52 50 45 43 41 41 37 32 29 32 29 27 26 29 28 27
57 56 59 60 64 64 61 61 61 60 58 56 58 59 53 47 44 42 49 46 47 44 48 47 42 40 44 45 45 42 42 43 42 38 36 33 39 38 37 35 37 38 37 37 39 39 38 34 31 33 37 40 37 35 34 33 33 36 38 40 41 41 40 46 49 51 52 51 49 51 50 38 44 51 53 45 43 38 38 41 47 48 45 41 42 40 37 32 31 29 29 27 27 27 27 29
59 60 64 64 63 64 65 62 62 60 56 59 61 58 55 47 41 47 47 45 47 47 42 42 42 42 43 45 42 42 40 41 42 37 35 33 40 40 38 36 37 37 41 37 37 37 34 34 34 34 35 38 38 38 33 32 30 35 36 37 40 38 41 43 49 51 52 49 53 52 52 38 39 46 44 47 39 39 40 47 46 45 43 40 41 40 37 34 31 33 28 27 27 28 29 34
65 65 61 65 66 64 64 64 63 58 61 61 54 50 45 42 42 44 41 45 46 47 44 42 39 42 50 43 39 40 40 40 38 39 41 35 38 40 39 39 39 37 39 38 38 39 37 36 33 34 34 36 37 36 34 32 35 34 35 34 39 38 37 40 43 44 48 55 51 55 51 42 40 40 50 46 40 40 47 51 49 45 41 40 40 42 37 38 33 37 28 27 28 31 31 37
66 62 65 64 68 68 66 65 63 62 56 52 49 49 43 41 47 44 42 44 47 46 42 40 39 46 45 42 39 36 40 39 37 36 36 34 37 42 39 39 39 40 40 41 39 44 43 35 34 33 33 39 38 36 33 33 33 33 33 34 35 38 40 40 38 40 44 47 47 50 52 42 43 46 49 46 47 44 49 55 49 46 43 46 40 39 38 40 33 34 28 27 32 33 38 38
67 64 65 68 71 71 69 61 65 56 50 49 47 48 42 42 47 42 44 46 47 44 42 39 45 45 42 42 37 37 37 37 36 35 35 35 37 38 40 39 39 41 42 40 38 35 34 33 38 34 34 34 36 37 35 35 35 34 33 35 36 38 41 41 38 38 42 45 44 42 51 47 44 44 47 41 42 38 42 42 49 47 47 44 42 43 42 40 37 31 28 27 31 38 37 37
65 68 67 68 70 72 65 61 64 58 56 48 51 45 43 48 46 41 47 45 45 44 43 39 42 47 45 43 41 37 37 38 36 36 35 34 35 40 41 39 39 39 41 41 37 39 38 38 41 37 34 35 33 37 36 34 34 35 33 35 38 41 42 40 38 35 42 40 40 40 48 50 38 38 41 42 43 37 38 44 50 45 51 51 45 45 43 40 41 34 29 27 31 37 35 34
67 70 70 69 71 71 72 56 53 56 50 58 51 52 47 47 45 42 43 44 42 44 38 41 44 47 47 42 42 39 40 40 37 36 35 34 35 36 35 39 42 40 40 40 43 40 36 34 40 40 38 35 33 36 34 34 36 34 36 36 38 40 39 40 36 34 37 29 36 36 36 41 36 41 46 41 42 38 39 38 39 44 44 42 42 43 42 38 37 32 34 30 28 32 31 35
71 71 68 72 68 66 56 67 69 63 54 41 47 55 51 49 44 43 38 42 42 38 40 44 46 44 47 45 41 41 38 36 37 36 36 35 37 34 39 40 38 39 39 39 38 35 36 33 38 42 37 34 34 34 35 36 35 36 36 36 37 37 37 39 37 36 34 29 29 40 38 36 42 42 50 48 41 39 38 37 36 38 38 42 41 43 45 41 40 39 35 32 29 30 33 32
74 74 74 68 65 68 65 66 61 60 51 56 55 59 53 48 47 45 43 42 42 40 44 48 44 45 43 42 39 40 38 37 36 37 36 37 39 35 40 39 35 34 37 40 40 37 35 34 34 44 38 34 34 36 36 36 35 36 35 35 35 35 36 37 38 39 33 33 42 42 42 36 47 47 53 47 45 40 38 35 34 34 35 39 37 44 46 47 41 38 33 31 30 28 28 30
80 80 69 66 66 70 71 64 58 59 59 57 53 52 50 51 48 47 43 41 42 44 44 49 47 44 41 39 39 39 36 38 42 42 39 39 38 36 33 34 34 36 36 39 39 39 36 36 36 46 42 36 36 36 36 35 37 38 35 33 35 33 31 33 36 37 27 33 38 41 43 45 42 51 53 52 53 47 46 44 38 36 35 34 36 38 44 51 48 43 35 32 32 29 27 27
75 71 83 76 77 71 62 59 57 65 62 62 56 52 53 53 51 48 47 44 47 44 45 44 44 44 42 39 37 39 36 36 39 39 37 37 37 32 32 36 36 36 36 35 37 41 42 36 34 34 42 40 42 37 33 32 30 33 32 30 32 35 32 29 32 35 34 28 33 38 40 44 46 49 53 57 60 59 58 54 42 41 37 34 38 45 48 49 52 47 34 31 33 26 29 39
82 81 84 82 78 67 73 65 61 65 68 58 52 51 50 54 55 51 49 50 50 47 44 47 45 41 41 38 38 36 37 31 35 36 34 36 35 35 35 33 38 39 41 36 37 44 48 36 36 34 42 44 40 35 32 29 30 29 29 29 30 32 32 29 29 29 25 26 32 34 36 43 46 46 50 56 61 53 47 49 54 48 40 40 34 36 45 40 43 39 30 30 34 29 29 39
80 76 89 83 76 76 70 67 64 70 67 57 54 55 51 53 58 56 53 51 47 46 42 44 44 45 38 41 42 40 31 34 34 30 33 36 37 35 37 32 38 43 36 35 40 49 50 38 36 36 37 51 42 36 32 32 31 31 31 31 29 29 32 30 31 28 26 33 34 34 34 40 43 40 46 54 56 58 50 48 53 51 41 38 37 38 35 37 36 33 33 34 30 29 30 32
79 84 87 74 84 79 63 64 63 68 65 56 55 61 55 56 55 58 52 50 50 44 41 43 40 42 39 34 36 33 38 37 33 28 33 37 36 37 35 33 33 34 33 35 36 41 45 38 36 36 36 36 38 38 38 36 34 33 32 32 29 29 31 31 31 33 30 31 31 34 35 35 39 36 40 47 52 57 57 52 50 43 43 46 47 39 36 34 32 31 39 27 37 36 34 34
84 86 79 79 84 84 69 68 68 65 68 62 57 56 60 59 60 59 54 49 43 41 41 38 38 37 35 35 36 38 38 38 32 34 37 36 38 35 36 35 33 34 35 33 33 36 40 41 36 38 40 40 42 41 42 38 32 32 32 31 30 29 29 30 31 29 31 28 36 38 32 35 36 38 41 47 52 55 59 54 50 44 44 40 39 41 44 35 32 32 39 28 35 44 42 38
100 80 84 82 81 80 73 77 67 69 68 63 61 62 59 58 57 57 52 46 43 43 41 44 38 39 39 35 35 43 42 37 37 38 38 39 37 35 37 35 37 38 36 35 35 37 41 39 37 38 40 46 46 47 45 39 33 31 31 30 29 29 28 27 27 27 27 33 35 30 36 34 36 37 43 48 48 55 62 56 48 48 49 45 43 42 40 43 32 32 30 28 34 35 45 50
