analysis/data/raw_data/dwd_gridded/monthly_precipitation_01_Jan_grids_germany_monthly_precipitation_188201.asc
NCOLS 654
NROWS 866
XLLCORNER 3280414.711633467
YLLCORNER 5237500.62890625
CELLSIZE 1000
NODATA_VALUE -999
[rows 583 to 635 of 866, columns 0 to 95 of 654]
-999 -999 -999 -999 -999 -999 -999 -999 -999 -999 -999 -999 -999 -999 -999 -999 -999 -999 -999 -999 -999 -999 -999 -999 -999 -999 -999 -999 -999 -999 -999 -999 -999 -999 -999 -999 -999 -999 -999 -999 21 25 25 26 27 25 24 24 22 24 22 23 19 19 20 22 22 22 21 19 19 19 19 19 19 26 27 27 25 27 28 26 24 23 22 22 23 24 21 21 23 25 26 28 25 28 30 34 30 31 30 26 24 23 23 23
-999 -999 -999 -999 -999 -999 -999 -999 -999 -999 -999 -999 -999 -999 -999 -999 -999 -999 -999 -999 -999 -999 -999 -999 -999 -999 -999 -999 -999 -999 -999 -999 -999 -999 -999 -999 -999 -999 -999 -999 20 22 25 25 28 27 25 23 24 22 24 22 19 19 19 22 24 23 21 22 21 21 26 22 20 28 27 25 27 27 26 27 27 25 20 23 21 21 23 22 24 24 23 27 27 29 34 32 30 31 28 26 25 25 26 27
-999 -999 -999 -999 -999 -999 -999 -999 -999 -999 -999 -999 -999 -999 -999 -999 -999 -999 -999 -999 -999 -999 -999 -999 -999 -999 -999 -999 -999 -999 -999 -999 -999 -999 -999 -999 -999 -999 -999 -999 20 23 25 28 27 26 27 25 22 24 22 19 19 19 23 21 22 25 26 21 27 29 30 28 29 27 26 27 26 26 26 28 27 27 25 26 27 22 22 24 24 22 24 27 30 34 33 30 28 27 28 26 25 27 28 28
-999 -999 -999 -999 -999 -999 -999 -999 -999 -999 -999 -999 -999 -999 -999 -999 -999 -999 -999 -999 -999 -999 -999 -999 -999 -999 -999 -999 -999 -999 -999 -999 -999 -999 -999 -999 -999 -999 -999 -999 21 25 24 25 25 27 26 22 20 20 19 19 19 22 24 19 23 24 28 24 22 23 23 26 30 29 28 24 26 28 28 28 30 30 29 26 24 23 22 21 23 24 25 29 33 33 32 32 29 27 27 25 28 30 28 27
-999 -999 -999 -999 -999 -999 -999 -999 -999 -999 -999 -999 -999 -999 -999 -999 -999 -999 -999 -999 -999 -999 -999 -999 -999 -999 -999 -999 -999 -999 -999 -999 -999 -999 -999 -999 -999 -999 -999 22 23 23 23 24 27 26 27 23 20 20 20 20 21 24 23 23 21 25 28 24 24 28 27 27 29 30 28 26 23 27 29 29 29 30 30 29 26 24 22 21 21 21 24 28 33 33 32 30 28 26 26 25 24 27 26 26
-999 -999 -999 -999 -999 -999 -999 -999 -999 -999 -999 -999 -999 -999 -999 -999 -999 -999 -999 -999 -999 -999 -999 -999 -999 -999 -999 -999 -999 -999 -999 -999 -999 -999 -999 -999 -999 -999 -999 22 24 22 26 27 27 24 23 20 20 20 22 21 22 22 24 23 22 23 27 28 28 26 28 28 27 28 31 28 28 26 26 27 28 28 29 26 27 27 24 21 20 24 30 32 34 34 31 28 27 28 30 31 27 25 23 26
-999 -999 -999 -999 -999 -999 -999 -999 -999 -999 -999 -999 -999 -999 -999 -999 -999 -999 -999 -999 -999 -999 -999 -999 -999 -999 -999 -999 -999 -999 -999 -999 -999 -999 -999 -999 -999 -999 -999 22 23 25 25 26 24 27 23 20 20 21 21 20 21 23 26 27 24 22 24 28 29 29 27 26 28 29 30 32 28 31 30 28 29 28 30 26 27 27 26 25 25 26 32 36 36 33 30 29 30 32 32 29 28 25 24 23
-999 -999 -999 -999 -999 -999 -999 -999 -999 -999 -999 -999 -999 -999 -999 -999 -999 -999 -999 -999 -999 -999 -999 -999 -999 -999 -999 -999 -999 -999 -999 -999 -999 -999 -999 -999 -999 -999 -999 21 21 24 24 26 22 22 20 20 20 21 22 22 20 23 23 27 24 23 22 25 28 30 31 26 29 29 30 32 28 31 30 29 30 29 29 28 29 29 29 31 31 33 35 37 36 35 32 32 33 34 30 28 26 28 28 23
-999 -999 -999 -999 -999 -999 -999 -999 -999 -999 -999 -999 -999 -999 -999 -999 -999 -999 -999 -999 -999 -999 -999 -999 -999 -999 -999 -999 -999 -999 -999 -999 -999 -999 -999 -999 -999 -999 -999 21 23 21 24 23 22 20 20 21 22 22 23 23 23 22 24 24 21 22 23 27 28 31 31 30 31 32 32 33 31 32 29 30 27 29 30 30 31 32 32 32 35 38 40 39 38 37 37 37 36 32 30 28 27 28 30 28
-999 -999 -999 -999 -999 -999 -999 -999 -999 -999 -999 -999 -999 -999 -999 -999 -999 -999 -999 -999 -999 -999 -999 -999 -999 -999 -999 -999 -999 -999 -999 -999 -999 -999 -999 -999 22 23 22 22 23 21 21 20 20 20 22 24 25 22 25 24 24 24 27 27 21 25 27 29 31 32 33 32 35 35 37 36 33 29 31 31 31 31 30 31 30 35 34 37 41 41 39 38 38 39 36 37 33 29 29 30 28 26 29 27
-999 -999 -999 -999 -999 -999 -999 -999 -999 -999 -999 -999 -999 -999 -999 -999 -999 -999 -999 -999 -999 -999 -999 -999 -999 -999 -999 -999 -999 -999 -999 -999 -999 -999 -999 25 25 22 22 26 24 26 26 20 20 21 23 22 23 26 26 27 22 27 27 24 22 28 27 27 31 32 32 34 36 38 38 35 32 32 32 30 33 32 33 35 38 35 38 40 40 41 38 37 40 39 35 33 32 31 30 31 30 26 27 26
-999 -999 -999 -999 -999 -999 -999 -999 -999 -999 -999 -999 -999 -999 -999 -999 -999 -999 -999 -999 -999 -999 -999 -999 -999 -999 -999 -999 -999 -999 -999 -999 -999 -999 -999 24 22 24 27 27 25 25 22 20 20 23 22 21 22 24 25 26 22 27 24 23 24 29 29 28 31 30 35 36 37 39 37 36 35 35 33 35 33 34 35 39 39 39 39 42 42 39 38 40 38 36 36 33 31 31 31 28 28 30 29 28
-999 -999 -999 -999 -999 -999 -999 -999 -999 -999 -999 -999 -999 -999 -999 -999 -999 -999 -999 -999 -999 -999 -999 -999 -999 -999 -999 -999 -999 -999 -999 -999 -999 -999 23 24 26 28 27 26 26 22 21 22 23 24 25 24 22 22 25 26 25 26 26 25 27 29 30 33 35 36 34 36 38 37 37 37 37 37 36 36 38 37 39 38 39 40 42 44 41 38 40 41 41 37 37 33 34 33 32 29 27 30 30 28
-999 -999 -999 -999 -999 -999 -999 -999 -999 -999 -999 -999 -999 -999 -999 -999 -999 -999 -999 -999 -999 -999 -999 -999 -999 -999 -999 -999 -999 -999 -999 -999 -999 -999 24 28 28 28 29 24 23 22 23 21 20 23 26 24 23 24 29 27 26 27 25 25 28 31 30 33 37 39 40 41 38 37 37 38 37 37 38 38 38 38 39 40 40 44 42 40 38 40 42 40 39 35 32 32 30 29 31 29 27 31 30 27
-999 -999 -999 -999 -999 -999 -999 -999 -999 -999 -999 -999 -999 -999 -999 -999 -999 -999 -999 -999 -999 -999 -999 -999 -999 -999 -999 -999 -999 -999 -999 -999 -999 23 27 28 28 30 26 24 24 24 22 21 22 21 23 22 23 27 29 28 28 29 25 27 27 31 35 38 39 40 41 40 38 37 37 39 38 37 39 37 38 38 41 44 45 42 40 38 37 41 40 41 37 36 36 34 32 30 29 31 27 31 30 26
-999 -999 -999 -999 -999 -999 -999 -999 -999 -999 -999 -999 -999 -999 -999 -999 -999 -999 -999 -999 -999 -999 -999 -999 -999 -999 -999 -999 -999 -999 -999 -999 -999 25 22 26 30 29 28 26 26 22 22 22 24 22 26 24 23 26 27 30 30 28 26 28 32 33 35 38 37 38 37 38 37 37 40 40 39 37 37 39 40 39 42 41 42 40 41 44 39 39 41 38 37 37 35 33 32 31 32 30 27 29 28 28
-999 -999 -999 -999 -999 -999 -999 -999 -999 -999 -999 -999 -999 -999 -999 -999 -999 -999 -999 -999 -999 -999 -999 -999 -999 -999 -999 -999 -999 -999 -999 -999 -999 24 25 27 30 27 28 25 26 23 24 22 23 26 28 29 27 30 29 32 32 31 28 29 31 33 35 36 36 36 36 37 37 37 38 40 40 38 39 40 40 39 40 40 39 39 42 41 39 38 38 38 36 35 33 32 33 33 32 32 31 27 29 30
-999 -999 -999 -999 -999 -999 -999 -999 -999 -999 -999 -999 -999 -999 -999 -999 -999 -999 -999 -999 -999 -999 -999 -999 -999 -999 -999 -999 -999 -999 -999 -999 -999 22 28 30 29 28 28 26 27 27 23 24 22 28 29 32 29 30 33 33 32 28 31 30 32 34 35 35 35 36 36 39 38 36 39 40 39 37 39 41 40 39 39 37 37 41 42 42 40 38 37 37 36 35 33 32 33 33 32 32 28 27 31 31
-999 -999 -999 -999 -999 -999 -999 -999 -999 -999 -999 -999 -999 -999 -999 -999 -999 -999 -999 -999 -999 -999 -999 -999 -999 -999 -999 -999 -999 -999 -999 -999 -999 24 28 30 30 30 28 26 27 28 25 23 23 29 31 28 33 33 32 31 30 32 29 32 34 36 36 35 34 35 37 38 37 39 39 38 39 36 38 40 39 39 37 37 41 41 41 41 39 38 36 37 36 35 33 33 33 34 33 31 28 32 32 31
-999 -999 -999 -999 -999 -999 -999 -999 -999 -999 -999 -999 -999 -999 -999 -999 -999 -999 -999 -999 -999 -999 -999 -999 -999 -999 -999 -999 -999 -999 -999 -999 24 26 28 29 30 30 28 28 26 27 26 23 26 24 26 28 33 33 34 33 31 31 32 35 36 35 36 35 35 36 38 40 40 37 39 39 42 38 37 39 38 39 38 41 42 42 39 40 39 37 37 37 37 36 33 36 33 33 33 30 33 33 32 32
-999 -999 -999 -999 -999 -999 -999 -999 -999 -999 -999 -999 -999 -999 -999 -999 -999 -999 -999 -999 -999 -999 -999 -999 -999 -999 -999 -999 -999 -999 24 24 24 26 29 30 31 28 28 27 27 26 24 23 23 24 29 32 33 30 33 33 30 31 33 35 36 35 35 36 38 38 40 43 43 38 38 41 42 40 37 37 38 40 37 41 41 39 39 40 39 38 37 36 37 37 35 38 33 35 32 30 34 32 30 31
-999 -999 -999 -999 -999 -999 -999 -999 -999 -999 -999 -999 -999 -999 -999 -999 -999 -999 -999 -999 -999 -999 -999 -999 -999 -999 -999 -999 -999 25 23 25 27 28 29 30 31 28 31 29 24 23 23 23 26 26 30 31 29 33 33 33 31 31 32 35 35 35 36 37 38 40 43 46 41 38 41 43 40 40 36 37 36 38 39 40 39 38 38 39 40 39 41 39 37 36 35 34 33 33 32 31 31 33 32 31
-999 -999 -999 -999 -999 -999 -999 -999 -999 -999 -999 -999 -999 -999 -999 -999 -999 -999 -999 -999 -999 -999 -999 -999 -999 -999 -999 -999 -999 25 25 26 26 28 29 30 30 31 30 29 27 25 28 23 27 28 29 31 33 34 34 31 32 34 35 37 37 36 38 41 41 44 46 44 41 41 43 43 40 40 38 40 37 38 38 37 37 38 38 41 41 41 42 41 38 37 37 35 35 37 36 34 34 34 31 33
-999 -999 -999 -999 -999 -999 -999 -999 -999 -999 -999 -999 -999 -999 -999 -999 -999 -999 -999 -999 -999 -999 -999 -999 -999 -999 -999 -999 25 24 25 25 27 28 30 30 31 31 28 26 25 26 27 23 27 25 29 31 32 34 33 31 33 33 36 38 39 40 40 43 47 46 43 43 42 40 40 41 41 40 38 41 39 37 37 38 39 41 39 40 41 42 43 43 42 41 42 37 37 38 38 36 36 36 33 32
-999 -999 -999 -999 -999 -999 -999 -999 -999 -999 -999 -999 -999 -999 -999 -999 -999 -999 -999 -999 -999 -999 -999 -999 -999 -999 -999 -999 23 24 25 27 28 29 29 30 31 31 27 27 25 29 29 25 24 28 30 31 33 35 32 31 33 35 37 39 42 44 43 46 45 44 42 43 40 39 41 42 42 40 40 41 39 38 38 39 42 42 40 40 40 42 44 45 44 41 43 39 37 38 39 36 37 34 32 32
-999 -999 -999 -999 -999 -999 -999 -999 -999 -999 -999 -999 -999 -999 -999 -999 -999 -999 -999 -999 -999 -999 -999 -999 -999 -999 -999 -999 23 24 26 27 27 27 28 30 31 32 29 28 27 30 31 26 27 26 25 33 35 35 32 35 35 35 37 41 42 43 44 44 44 41 40 39 39 39 40 39 41 39 41 40 37 37 39 40 42 40 39 40 42 40 42 46 42 42 38 37 36 39 39 37 37 36 36 33
-999 -999 -999 -999 -999 -999 -999 -999 -999 -999 -999 -999 -999 -999 -999 -999 -999 -999 -999 -999 -999 -999 -999 -999 -999 -999 -999 -999 24 24 24 26 27 27 29 30 31 31 30 27 30 31 29 32 29 27 28 34 34 35 33 33 33 36 40 40 42 42 43 43 40 42 40 39 37 38 37 39 40 39 40 42 38 42 44 42 43 42 40 40 40 41 44 42 44 44 39 37 36 39 37 35 36 37 37 35
-999 -999 -999 -999 -999 -999 -999 -999 -999 -999 -999 -999 -999 -999 -999 -999 -999 -999 -999 -999 -999 -999 -999 -999 -999 -999 -999 -999 26 24 24 26 27 29 30 31 32 30 28 27 30 34 33 33 30 30 26 35 35 36 33 35 37 38 40 39 40 39 40 37 40 41 39 39 37 36 37 36 36 39 43 39 37 39 43 39 39 41 39 37 39 40 41 39 39 40 39 36 36 36 35 35 36 35 39 37
-999 -999 -999 -999 -999 -999 -999 -999 -999 -999 -999 -999 -999 -999 -999 -999 -999 -999 -999 -999 -999 -999 -999 -999 -999 -999 -999 -999 25 24 24 26 27 28 30 31 32 31 30 29 30 33 33 34 34 28 31 33 36 36 36 35 37 37 37 40 35 36 36 36 37 38 38 37 35 35 35 35 34 38 37 37 38 40 38 37 37 39 37 37 36 37 38 37 37 38 38 36 34 35 37 36 35 36 39 36
-999 -999 -999 -999 -999 -999 -999 -999 -999 -999 -999 -999 -999 -999 -999 -999 -999 -999 -999 -999 -999 -999 -999 -999 -999 -999 -999 -999 24 24 25 27 28 28 32 33 31 31 31 31 32 33 34 35 34 34 26 30 35 34 35 34 34 35 34 34 34 34 34 35 35 35 36 36 34 34 34 33 35 35 35 36 35 36 36 38 37 38 37 36 35 36 38 37 35 35 38 34 35 35 36 37 37 36 34 33
-999 -999 -999 -999 -999 -999 -999 -999 -999 -999 -999 -999 -999 -999 -999 -999 -999 -999 -999 -999 -999 -999 -999 -999 -999 -999 -999 -999 24 24 25 27 27 29 32 33 31 31 32 32 32 33 33 33 33 29 26 33 34 32 35 35 33 32 33 33 32 33 33 33 34 34 34 35 34 33 33 32 33 33 34 35 36 36 34 39 38 36 35 36 37 38 36 35 36 34 35 33 33 34 35 36 34 34 34 33
-999 -999 -999 -999 -999 -999 -999 -999 -999 -999 -999 -999 -999 -999 -999 -999 -999 -999 -999 -999 -999 -999 -999 -999 -999 -999 -999 -999 24 24 25 27 28 31 32 32 31 31 32 32 33 33 32 33 32 26 28 28 30 33 36 33 31 32 32 31 32 32 32 32 32 32 32 34 34 32 31 33 33 35 35 37 37 36 33 34 34 34 33 35 34 35 34 33 33 32 32 34 34 34 34 35 37 33 32 34
-999 -999 -999 -999 -999 -999 -999 -999 -999 -999 -999 -999 -999 -999 -999 -999 -999 -999 -999 -999 -999 -999 -999 -999 -999 -999 -999 -999 24 24 26 27 29 31 31 32 32 33 32 33 33 32 26 30 29 26 29 30 32 33 32 31 30 32 31 30 30 30 30 30 30 31 31 33 31 30 34 33 34 34 37 35 36 35 34 32 33 33 33 33 31 32 32 32 32 32 31 32 32 33 31 33 35 32 31 32
-999 -999 -999 -999 -999 -999 -999 -999 -999 -999 -999 -999 -999 -999 -999 -999 -999 -999 -999 -999 -999 -999 -999 -999 -999 -999 -999 -999 24 24 26 28 30 32 31 32 32 33 34 32 32 32 30 30 26 27 28 30 32 32 35 32 31 30 32 30 33 30 29 30 29 30 31 31 31 30 34 33 33 35 33 34 34 36 33 33 32 33 32 31 31 30 30 32 32 32 30 31 33 33 34 32 33 34 30 32
-999 -999 -999 -999 -999 -999 -999 -999 -999 -999 -999 -999 -999 -999 -999 -999 -999 -999 -999 -999 -999 -999 -999 -999 -999 -999 -999 -999 24 24 26 29 30 32 32 32 33 33 33 32 32 30 29 28 27 30 30 31 30 31 31 32 31 30 30 29 33 31 31 32 33 31 29 29 29 33 32 31 34 31 32 35 33 32 32 33 32 33 30 32 31 30 30 30 32 32 30 32 32 33 33 31 32 32 31 33
-999 -999 -999 -999 -999 -999 -999 -999 -999 -999 -999 -999 -999 -999 -999 -999 -999 -999 -999 -999 -999 -999 -999 -999 -999 -999 -999 -999 25 24 26 29 32 33 32 33 33 33 33 31 31 29 28 32 29 28 28 30 33 32 30 31 30 30 30 31 32 32 32 30 33 30 30 31 33 30 29 32 30 30 30 32 33 32 30 34 35 35 30 30 31 31 30 31 31 30 31 31 31 34 35 31 30 30 32 34
-999 -999 -999 -999 -999 -999 -999 -999 -999 -999 -999 -999 -999 -999 -999 -999 -999 -999 -999 -999 -999 -999 -999 -999 -999 -999 -999 -999 26 24 29 30 31 33 33 33 33 33 35 31 31 30 29 31 29 28 29 30 31 32 31 30 31 32 28 31 33 32 33 33 32 31 30 30 30 30 32 29 30 31 32 32 31 30 29 31 34 30 31 30 30 32 31 31 30 30 31 32 32 36 33 33 32 30 31 31
-999 -999 -999 -999 -999 -999 -999 -999 -999 -999 -999 -999 -999 -999 -999 -999 -999 -999 -999 -999 -999 -999 -999 -999 -999 -999 -999 -999 -999 -999 27 -999 -999 -999 -999 33 33 34 31 31 30 29 28 32 29 29 30 31 32 33 34 30 32 33 33 32 30 29 33 34 30 30 31 29 29 34 31 29 29 30 32 30 29 28 29 29 31 31 31 31 31 32 31 31 31 30 32 31 33 34 33 32 32 30 30 31
-999 -999 -999 -999 -999 -999 -999 -999 -999 -999 -999 -999 -999 -999 -999 -999 -999 -999 -999 -999 -999 -999 -999 -999 -999 -999 -999 -999 -999 -999 -999 -999 -999 -999 -999 -999 33 33 33 30 31 30 32 34 31 30 30 31 34 34 32 32 36 35 30 32 32 29 29 31 32 32 31 30 30 29 28 28 30 27 25 26 26 28 29 30 32 33 30 32 34 31 30 30 30 29 31 33 35 33 32 29 32 33 31 30
-999 -999 -999 -999 -999 -999 -999 -999 -999 -999 -999 -999 -999 -999 -999 -999 -999 -999 -999 -999 -999 -999 -999 -999 -999 -999 -999 -999 -999 -999 -999 -999 -999 -999 -999 -999 -999 32 32 33 33 33 33 35 33 31 31 30 31 32 35 33 34 35 32 29 28 28 30 31 33 33 32 30 31 30 28 27 25 21 23 25 28 29 31 30 32 33 32 34 34 32 31 30 29 29 29 30 32 31 30 31 28 29 31 29
-999 -999 -999 -999 -999 -999 -999 -999 -999 -999 -999 -999 -999 -999 -999 -999 -999 -999 -999 -999 -999 -999 -999 -999 -999 -999 -999 -999 -999 -999 -999 -999 -999 -999 -999 -999 -999 31 32 31 33 32 33 34 33 31 32 30 32 31 31 32 34 33 30 28 29 29 32 31 33 32 32 31 32 32 29 25 25 24 22 25 29 28 30 32 30 30 34 36 35 33 31 31 29 31 31 29 30 31 28 28 29 31 30 29
-999 -999 -999 -999 -999 -999 -999 -999 -999 -999 -999 -999 -999 -999 -999 -999 -999 -999 -999 -999 -999 -999 -999 -999 -999 -999 -999 -999 -999 -999 -999 -999 -999 -999 -999 -999 -999 31 31 31 31 32 32 32 32 31 31 29 31 35 35 34 35 31 28 27 28 28 30 33 32 33 33 31 32 32 29 26 24 24 26 26 29 29 29 29 29 31 36 35 35 34 31 29 29 28 29 29 30 29 27 27 29 28 29 30
-999 -999 -999 -999 -999 -999 -999 -999 -999 -999 -999 -999 -999 -999 -999 -999 -999 -999 -999 -999 -999 -999 -999 -999 -999 -999 -999 -999 -999 -999 -999 -999 -999 -999 -999 -999 -999 30 31 30 31 31 32 33 32 33 30 28 30 32 31 34 33 31 27 28 28 28 31 33 32 34 35 33 32 31 28 26 24 25 26 27 26 28 29 30 31 32 35 34 35 35 31 30 30 29 29 29 29 27 26 25 27 28 30 31
-999 -999 -999 -999 -999 -999 -999 -999 -999 -999 -999 -999 -999 -999 -999 -999 -999 -999 -999 -999 -999 -999 -999 -999 -999 -999 -999 -999 -999 -999 -999 -999 -999 -999 -999 -999 -999 -999 30 30 30 31 31 31 31 32 32 33 27 29 30 33 31 28 28 28 27 30 32 33 33 33 35 32 32 28 27 25 27 26 26 25 28 29 28 28 32 33 34 32 33 34 31 32 31 29 29 27 28 26 26 23 26 26 29 31
-999 -999 -999 -999 -999 -999 -999 -999 -999 -999 -999 -999 -999 -999 -999 -999 -999 -999 -999 -999 -999 -999 -999 -999 -999 -999 -999 -999 -999 -999 -999 -999 -999 -999 -999 -999 -999 -999 29 29 29 30 30 30 31 31 32 32 28 27 32 32 29 27 28 27 28 31 33 31 31 32 31 29 29 29 29 28 27 29 29 27 28 30 31 28 31 32 32 31 31 32 32 30 28 27 28 28 29 27 24 26 26 29 29 30
-999 -999 -999 -999 -999 -999 -999 -999 -999 -999 -999 -999 -999 -999 -999 -999 -999 -999 -999 -999 -999 -999 -999 -999 -999 -999 -999 -999 -999 -999 -999 -999 -999 -999 -999 -999 -999 -999 -999 28 29 30 28 30 30 30 30 31 31 28 26 28 26 28 27 28 28 28 28 29 28 27 28 31 33 34 32 28 28 28 28 27 30 30 31 30 29 30 32 31 30 30 32 31 30 28 26 29 29 27 25 26 30 31 29 28
-999 -999 -999 -999 -999 -999 -999 -999 -999 -999 -999 -999 -999 -999 -999 -999 -999 -999 -999 -999 -999 -999 -999 -999 -999 -999 -999 -999 -999 -999 -999 -999 -999 -999 -999 -999 -999 -999 -999 -999 29 28 29 29 30 30 30 31 31 27 26 26 26 26 27 27 27 27 27 27 27 28 29 32 32 32 30 29 28 28 29 28 29 30 32 30 28 29 30 29 32 32 31 31 30 30 26 26 29 25 28 28 30 29 28 27
-999 -999 -999 -999 -999 -999 -999 -999 -999 -999 -999 -999 -999 -999 -999 -999 -999 -999 -999 -999 -999 -999 -999 -999 -999 -999 -999 -999 -999 -999 -999 -999 -999 -999 -999 -999 -999 -999 -999 -999 28 28 28 28 28 29 29 26 27 28 26 25 25 25 25 26 26 25 25 26 28 28 28 29 29 29 29 27 29 28 29 29 28 31 31 29 29 30 31 30 31 31 30 29 29 29 25 27 27 25 27 29 28 26 26 26
-999 -999 -999 -999 -999 -999 -999 -999 -999 -999 -999 -999 -999 -999 -999 -999 -999 -999 -999 -999 -999 -999 -999 -999 -999 -999 -999 -999 -999 -999 -999 -999 -999 -999 -999 -999 -999 -999 -999 -999 -999 28 28 28 28 27 26 27 25 25 26 24 23 24 25 25 24 24 25 26 27 27 28 27 27 27 27 27 26 26 27 30 29 30 30 30 30 31 30 28 29 28 28 28 28 28 26 25 26 26 28 27 26 26 25 24
-999 -999 -999 -999 -999 -999 -999 -999 -999 -999 -999 -999 -999 -999 -999 -999 -999 -999 -999 -999 -999 -999 -999 -999 -999 -999 -999 -999 -999 -999 -999 -999 -999 -999 -999 -999 -999 -999 -999 -999 -999 -999 27 27 27 27 28 28 27 26 26 24 23 23 23 23 24 24 25 26 26 27 27 26 27 28 28 28 26 26 28 29 30 29 31 31 31 30 31 31 30 29 28 27 28 28 26 27 28 26 27 25 24 25 24 24
-999 -999 -999 -999 -999 -999 -999 -999 -999 -999 -999 -999 -999 -999 -999 -999 -999 -999 -999 -999 -999 -999 -999 -999 -999 -999 -999 -999 -999 -999 -999 -999 -999 -999 -999 -999 -999 -999 -999 -999 -999 -999 -999 27 26 27 30 30 27 26 27 28 23 22 22 23 23 24 25 25 26 26 26 27 27 27 26 26 26 25 27 27 28 30 31 32 31 31 30 30 30 29 27 27 26 27 25 25 25 25 24 25 25 24 23 24
-999 -999 -999 -999 -999 -999 -999 -999 -999 -999 -999 -999 -999 -999 -999 -999 -999 -999 -999 -999 -999 -999 -999 -999 -999 -999 -999 -999 -999 -999 -999 -999 -999 -999 -999 -999 -999 -999 -999 -999 -999 -999 -999 -999 28 26 30 29 29 28 26 25 26 23 21 22 23 24 24 25 26 26 26 26 26 26 26 24 25 25 25 27 28 29 31 33 33 31 29 30 30 28 28 28 27 26 26 27 27 26 24 23 24 24 24 23
-999 -999 -999 -999 -999 -999 -999 -999 -999 -999 -999 -999 -999 -999 -999 -999 -999 -999 -999 -999 -999 -999 -999 -999 -999 -999 -999 -999 -999 -999 -999 -999 -999 -999 -999 -999 -999 -999 -999 -999 -999 -999 -999 -999 -999 26 28 28 28 29 28 24 23 22 22 22 22 23 23 24 25 25 26 26 26 26 26 24 24 24 25 27 28 29 33 31 29 29 29 29 30 30 28 27 27 27 27 26 25 25 24 23 23 23 23 23
