analysis/data/raw_data/dwd_gridded/monthly_air_temperature_min_01_Jan_grids_germany_monthly_air_temp_min_190901.asc
NCOLS 654
NROWS 866
XLLCORNER 3280414.711633467
YLLCORNER 5237500.62890625
CELLSIZE 1000
NODATA_VALUE -999
[rows 369 to 409 of 866, columns 282 to 375 of 654]
-40 -40 -39 -39 -39 -41 -41 -41 -40 -44 -42 -45 -48 -44 -44 -45 -45 -43 -40 -41 -44 -45 -45 -44 -45 -47 -45 -45 -51 -50 -55 -53 -56 -63 -65 -67 -62 -56 -56 -53 -58 -58 -63 -63 -66 -60 -65 -64 -60 -58 -56 -55 -53 -53 -55 -54 -55 -55 -54 -54 -58 -59 -58 -56 -59 -60 -59 -60 -63 -59 -57 -54 -56 -52 -51 -57 -60 -59 -60 -58 -59 -57 -54 -54 -51 -54 -51 -53 -54 -53 -51 -50 -50 -49
-41 -41 -39 -40 -41 -43 -42 -41 -40 -42 -42 -43 -45 -43 -44 -45 -43 -42 -41 -42 -45 -45 -44 -45 -44 -44 -47 -48 -53 -55 -58 -59 -61 -65 -65 -56 -58 -52 -58 -58 -53 -61 -62 -64 -59 -58 -61 -61 -58 -55 -55 -53 -55 -54 -53 -53 -54 -54 -54 -58 -59 -59 -59 -61 -62 -63 -62 -63 -63 -61 -61 -61 -56 -55 -56 -60 -61 -61 -61 -61 -60 -59 -58 -59 -57 -55 -57 -56 -56 -55 -55 -53 -52 -52
-45 -42 -41 -40 -40 -40 -41 -41 -40 -41 -41 -43 -45 -44 -43 -44 -46 -44 -43 -45 -44 -43 -45 -45 -44 -44 -46 -49 -53 -59 -63 -61 -59 -59 -57 -54 -54 -58 -50 -57 -54 -55 -58 -61 -62 -54 -58 -58 -57 -56 -55 -53 -53 -53 -53 -55 -55 -55 -59 -58 -59 -61 -64 -62 -63 -66 -67 -67 -65 -64 -65 -65 -63 -57 -59 -61 -62 -64 -67 -63 -61 -62 -60 -61 -59 -58 -58 -58 -58 -58 -56 -56 -55 -54
-44 -42 -42 -40 -40 -40 -40 -41 -39 -39 -40 -41 -42 -42 -41 -44 -44 -40 -42 -45 -43 -44 -45 -44 -45 -46 -44 -48 -52 -57 -55 -59 -60 -54 -58 -54 -50 -49 -57 -57 -53 -53 -54 -60 -60 -51 -53 -57 -54 -53 -53 -53 -51 -51 -53 -52 -53 -58 -59 -59 -62 -63 -65 -64 -64 -67 -67 -68 -68 -67 -66 -65 -63 -58 -61 -60 -62 -64 -66 -68 -65 -65 -63 -62 -61 -61 -60 -60 -58 -58 -57 -57 -57 -56
-42 -41 -41 -41 -40 -40 -41 -43 -43 -41 -40 -40 -40 -40 -40 -40 -42 -41 -41 -41 -42 -45 -48 -44 -45 -45 -45 -45 -49 -51 -52 -52 -57 -57 -58 -49 -55 -56 -49 -54 -54 -51 -58 -54 -60 -53 -56 -55 -54 -53 -53 -52 -50 -52 -53 -54 -56 -59 -58 -61 -62 -64 -65 -66 -67 -67 -67 -69 -70 -68 -66 -63 -61 -63 -61 -63 -62 -63 -64 -63 -65 -67 -66 -64 -63 -61 -61 -60 -59 -59 -55 -57 -51 -52
-41 -41 -42 -41 -40 -40 -42 -46 -44 -42 -42 -41 -40 -40 -40 -40 -40 -42 -43 -44 -43 -43 -46 -44 -44 -46 -46 -45 -48 -50 -49 -51 -58 -54 -48 -58 -53 -61 -61 -60 -59 -58 -58 -52 -59 -57 -49 -56 -55 -54 -53 -53 -51 -51 -54 -54 -56 -59 -60 -63 -62 -65 -67 -68 -68 -70 -71 -70 -70 -71 -68 -67 -66 -63 -62 -64 -62 -64 -62 -61 -65 -66 -65 -63 -61 -61 -60 -61 -55 -55 -58 -52 -53 -57
-42 -43 -43 -40 -40 -41 -43 -48 -46 -43 -46 -45 -42 -40 -40 -41 -42 -45 -45 -45 -43 -42 -44 -46 -48 -45 -45 -44 -45 -46 -51 -50 -47 -47 -51 -51 -57 -58 -59 -55 -55 -51 -59 -56 -58 -48 -57 -56 -55 -57 -53 -52 -50 -51 -53 -53 -55 -60 -62 -61 -65 -65 -69 -69 -68 -72 -74 -74 -73 -73 -70 -69 -66 -64 -65 -64 -63 -63 -61 -60 -64 -64 -64 -63 -62 -60 -61 -59 -61 -61 -60 -56 -59 -59
-43 -45 -45 -40 -41 -41 -44 -48 -46 -44 -44 -42 -42 -40 -40 -41 -42 -42 -42 -43 -42 -44 -45 -44 -46 -45 -43 -43 -44 -45 -47 -49 -52 -54 -56 -53 -62 -54 -52 -54 -55 -55 -51 -55 -51 -58 -54 -56 -52 -52 -49 -50 -49 -53 -53 -53 -56 -61 -60 -61 -65 -66 -70 -70 -71 -74 -75 -75 -72 -72 -73 -69 -67 -64 -64 -64 -62 -62 -61 -60 -60 -64 -64 -63 -60 -66 -65 -61 -61 -61 -60 -61 -58 -56
-42 -45 -42 -41 -41 -42 -46 -47 -46 -45 -43 -44 -44 -41 -40 -40 -40 -41 -41 -41 -43 -44 -44 -43 -44 -43 -43 -44 -44 -44 -45 -45 -49 -51 -51 -58 -55 -59 -52 -52 -54 -50 -57 -51 -61 -61 -58 -55 -54 -49 -47 -47 -49 -51 -53 -54 -58 -59 -62 -64 -66 -68 -70 -68 -70 -73 -75 -75 -73 -72 -71 -70 -67 -67 -64 -64 -62 -62 -62 -61 -62 -62 -63 -64 -65 -67 -66 -64 -61 -59 -60 -58 -57 -56
-41 -45 -41 -41 -42 -42 -46 -47 -47 -49 -45 -44 -44 -43 -41 -40 -41 -41 -41 -41 -41 -41 -42 -43 -43 -44 -46 -46 -47 -45 -46 -46 -47 -48 -54 -53 -58 -59 -52 -53 -53 -56 -52 -53 -62 -58 -57 -58 -58 -55 -49 -50 -51 -52 -56 -58 -59 -60 -63 -64 -66 -67 -64 -67 -70 -72 -73 -74 -73 -72 -70 -68 -67 -65 -63 -62 -62 -63 -63 -63 -61 -61 -63 -62 -66 -66 -66 -63 -64 -62 -59 -58 -57 -55
-43 -43 -42 -43 -43 -45 -47 -46 -47 -49 -47 -45 -43 -44 -43 -42 -41 -42 -42 -44 -43 -42 -43 -43 -44 -44 -45 -46 -44 -46 -46 -46 -46 -49 -49 -53 -54 -55 -50 -59 -53 -56 -58 -62 -61 -60 -56 -52 -59 -56 -52 -55 -55 -52 -62 -59 -60 -63 -65 -66 -66 -67 -67 -63 -69 -69 -71 -70 -72 -73 -69 -69 -66 -66 -65 -64 -62 -61 -60 -62 -62 -62 -62 -64 -65 -66 -66 -64 -64 -62 -61 -59 -59 -58
-43 -42 -42 -46 -44 -44 -43 -46 -47 -48 -49 -47 -43 -42 -42 -43 -42 -42 -41 -42 -43 -45 -44 -43 -43 -44 -44 -44 -45 -45 -45 -46 -48 -48 -52 -52 -51 -52 -51 -50 -53 -61 -59 -58 -65 -57 -55 -57 -60 -58 -52 -59 -56 -59 -57 -53 -58 -64 -63 -61 -62 -64 -64 -65 -63 -69 -71 -71 -71 -72 -71 -69 -66 -66 -63 -65 -63 -62 -63 -61 -60 -64 -65 -64 -63 -65 -66 -65 -63 -62 -61 -61 -59 -58
-42 -42 -42 -43 -45 -47 -47 -45 -45 -46 -47 -49 -45 -44 -42 -44 -45 -42 -44 -42 -41 -44 -46 -45 -45 -44 -44 -44 -44 -44 -45 -45 -47 -49 -47 -48 -48 -49 -49 -52 -56 -57 -58 -65 -63 -57 -55 -57 -60 -59 -53 -57 -59 -57 -52 -52 -61 -64 -61 -65 -59 -64 -59 -62 -67 -67 -69 -69 -69 -72 -69 -68 -66 -65 -65 -65 -59 -64 -63 -63 -62 -64 -64 -65 -65 -65 -64 -64 -63 -62 -62 -58 -57 -55
-43 -43 -42 -46 -44 -48 -47 -46 -46 -47 -47 -48 -47 -45 -44 -44 -43 -44 -42 -43 -42 -42 -43 -43 -43 -46 -45 -44 -45 -45 -46 -46 -47 -48 -51 -50 -50 -52 -54 -54 -56 -61 -61 -64 -60 -60 -60 -59 -60 -60 -57 -61 -60 -62 -53 -53 -58 -56 -63 -61 -57 -61 -61 -66 -66 -65 -68 -68 -69 -69 -66 -66 -66 -66 -65 -64 -63 -63 -63 -63 -64 -63 -64 -64 -63 -63 -63 -60 -60 -61 -60 -59 -58 -57
-44 -43 -44 -45 -50 -47 -46 -47 -47 -47 -47 -47 -47 -46 -45 -44 -43 -45 -44 -43 -43 -42 -42 -42 -44 -46 -47 -48 -48 -46 -46 -47 -47 -49 -51 -52 -50 -53 -51 -51 -55 -60 -57 -59 -59 -63 -60 -60 -61 -62 -62 -61 -59 -57 -54 -53 -54 -56 -58 -59 -60 -54 -58 -57 -60 -65 -65 -65 -66 -69 -65 -65 -65 -63 -62 -64 -63 -62 -62 -64 -63 -61 -60 -63 -63 -62 -61 -61 -60 -58 -58 -59 -59 -58
-43 -43 -44 -47 -49 -49 -49 -48 -47 -48 -48 -47 -46 -45 -45 -44 -45 -47 -44 -43 -42 -42 -43 -42 -43 -45 -46 -46 -45 -45 -48 -48 -47 -49 -50 -50 -53 -52 -52 -52 -53 -57 -56 -59 -58 -59 -60 -60 -62 -63 -64 -61 -58 -55 -53 -53 -53 -55 -54 -56 -59 -53 -60 -62 -65 -63 -64 -62 -66 -65 -64 -59 -62 -61 -61 -63 -63 -62 -63 -62 -61 -61 -61 -59 -58 -61 -61 -59 -61 -59 -58 -55 -57 -55
-43 -43 -46 -47 -50 -54 -54 -54 -49 -52 -48 -48 -48 -47 -46 -45 -44 -44 -43 -43 -43 -43 -42 -45 -43 -43 -45 -44 -43 -46 -47 -49 -49 -52 -52 -52 -51 -52 -54 -54 -56 -55 -55 -57 -59 -60 -60 -62 -63 -65 -64 -62 -58 -55 -53 -53 -53 -51 -52 -53 -50 -51 -54 -60 -62 -59 -62 -62 -62 -64 -62 -60 -64 -59 -62 -63 -66 -62 -62 -62 -60 -61 -62 -61 -60 -60 -58 -57 -59 -59 -59 -58 -56 -55
-45 -44 -46 -52 -53 -53 -53 -54 -55 -55 -51 -49 -48 -46 -45 -44 -43 -43 -45 -43 -44 -43 -43 -45 -46 -43 -43 -43 -44 -46 -48 -48 -48 -48 -49 -51 -49 -51 -53 -54 -55 -54 -55 -57 -58 -59 -59 -61 -62 -63 -61 -63 -61 -56 -57 -54 -53 -50 -51 -51 -50 -50 -51 -51 -52 -54 -58 -62 -62 -63 -60 -61 -59 -56 -61 -62 -61 -59 -62 -61 -61 -60 -60 -59 -57 -56 -59 -59 -56 -56 -54 -57 -52 -54
-44 -45 -47 -50 -52 -52 -53 -52 -53 -54 -50 -48 -47 -46 -45 -44 -43 -43 -43 -43 -43 -44 -43 -46 -47 -45 -45 -43 -44 -47 -46 -47 -48 -47 -48 -50 -49 -49 -52 -53 -55 -56 -55 -55 -58 -59 -59 -59 -60 -61 -61 -58 -59 -58 -54 -53 -51 -52 -53 -49 -48 -50 -48 -49 -51 -51 -54 -59 -57 -60 -58 -60 -57 -52 -59 -59 -59 -61 -58 -60 -58 -59 -59 -57 -60 -59 -56 -59 -59 -57 -54 -54 -53 -56
-45 -45 -46 -49 -52 -53 -50 -52 -52 -52 -52 -49 -48 -46 -47 -45 -43 -43 -43 -43 -43 -43 -43 -44 -46 -47 -47 -46 -44 -44 -45 -45 -46 -46 -46 -46 -48 -50 -52 -54 -54 -55 -56 -54 -55 -58 -59 -58 -59 -58 -58 -58 -58 -56 -53 -52 -52 -48 -48 -49 -48 -47 -47 -47 -49 -50 -50 -52 -55 -59 -59 -60 -54 -56 -56 -55 -60 -59 -56 -57 -59 -59 -59 -60 -58 -59 -59 -58 -59 -56 -56 -55 -56 -56
-46 -45 -46 -47 -48 -52 -49 -53 -54 -54 -48 -49 -48 -46 -46 -46 -45 -45 -44 -43 -45 -43 -43 -43 -45 -47 -48 -47 -45 -48 -47 -47 -48 -46 -49 -47 -51 -52 -53 -53 -55 -54 -55 -55 -55 -56 -57 -58 -56 -57 -58 -57 -55 -54 -54 -53 -55 -50 -52 -47 -47 -48 -50 -49 -49 -52 -50 -51 -51 -54 -51 -54 -54 -59 -55 -57 -58 -57 -59 -60 -60 -59 -59 -60 -59 -59 -59 -60 -58 -58 -57 -55 -56 -58
-46 -46 -46 -47 -50 -48 -51 -52 -54 -53 -51 -48 -46 -45 -46 -46 -46 -44 -44 -43 -44 -43 -43 -43 -43 -46 -48 -48 -48 -48 -49 -47 -46 -46 -47 -49 -51 -51 -55 -54 -54 -54 -54 -54 -56 -56 -55 -55 -55 -56 -55 -55 -55 -56 -55 -54 -53 -52 -49 -50 -46 -47 -47 -49 -50 -49 -51 -50 -50 -49 -49 -50 -53 -50 -53 -58 -57 -56 -58 -58 -59 -58 -59 -59 -59 -59 -59 -58 -57 -57 -57 -58 -58 -57
-46 -46 -46 -47 -51 -53 -50 -50 -53 -54 -55 -50 -48 -45 -44 -46 -46 -43 -43 -45 -44 -43 -43 -43 -45 -47 -48 -48 -48 -48 -48 -46 -50 -46 -48 -47 -48 -50 -54 -53 -54 -53 -54 -55 -56 -55 -56 -56 -54 -55 -54 -55 -55 -55 -53 -52 -51 -50 -49 -47 -45 -47 -48 -49 -49 -48 -49 -49 -50 -51 -48 -48 -48 -51 -49 -54 -56 -54 -58 -59 -59 -57 -58 -59 -59 -59 -59 -59 -58 -56 -56 -56 -56 -55
-45 -46 -46 -46 -50 -53 -53 -56 -53 -54 -55 -49 -50 -47 -46 -47 -47 -46 -46 -45 -44 -44 -44 -43 -46 -47 -48 -49 -50 -49 -47 -50 -48 -49 -50 -53 -49 -51 -53 -52 -53 -54 -54 -54 -54 -54 -54 -55 -54 -54 -54 -54 -53 -53 -51 -51 -50 -49 -47 -47 -45 -45 -45 -46 -46 -49 -48 -46 -50 -52 -50 -46 -47 -48 -51 -48 -56 -58 -57 -57 -58 -57 -57 -55 -58 -58 -59 -58 -57 -56 -54 -52 -51 -53
-45 -46 -46 -47 -48 -53 -55 -53 -55 -55 -51 -50 -49 -47 -45 -47 -48 -45 -47 -45 -44 -44 -43 -43 -44 -45 -47 -48 -50 -51 -49 -48 -51 -51 -52 -51 -51 -53 -54 -54 -54 -55 -54 -55 -54 -53 -55 -55 -53 -55 -54 -54 -54 -51 -50 -49 -48 -48 -47 -47 -44 -44 -46 -45 -45 -47 -48 -47 -49 -49 -51 -50 -46 -47 -48 -48 -51 -56 -54 -52 -54 -53 -54 -50 -53 -54 -55 -52 -52 -51 -50 -51 -54 -53
-46 -45 -45 -46 -49 -52 -51 -53 -53 -49 -48 -51 -50 -48 -46 -47 -47 -46 -48 -46 -45 -45 -45 -44 -44 -45 -45 -45 -46 -48 -48 -52 -51 -54 -57 -55 -54 -54 -53 -55 -56 -55 -54 -53 -54 -54 -54 -54 -54 -54 -54 -53 -51 -51 -50 -48 -47 -46 -47 -45 -45 -45 -45 -45 -45 -45 -45 -46 -46 -48 -50 -51 -46 -45 -47 -48 -47 -47 -50 -49 -50 -50 -51 -52 -50 -51 -51 -50 -50 -50 -49 -51 -50 -51
-45 -45 -45 -45 -47 -49 -51 -49 -48 -48 -50 -51 -48 -48 -48 -48 -47 -48 -45 -44 -44 -47 -46 -44 -46 -45 -46 -47 -47 -48 -50 -52 -53 -55 -57 -53 -53 -53 -53 -55 -56 -55 -57 -55 -55 -54 -54 -54 -54 -54 -52 -52 -52 -51 -49 -50 -49 -47 -46 -46 -45 -45 -45 -45 -45 -45 -44 -45 -46 -47 -48 -48 -50 -48 -45 -45 -51 -51 -53 -52 -53 -52 -52 -50 -49 -49 -50 -49 -46 -47 -49 -51 -51 -50
-45 -45 -45 -45 -47 -47 -47 -47 -47 -47 -47 -48 -48 -48 -48 -48 -48 -47 -47 -44 -45 -46 -45 -45 -46 -46 -49 -47 -49 -47 -48 -52 -51 -56 -54 -54 -55 -55 -54 -52 -55 -55 -55 -55 -54 -57 -55 -55 -54 -54 -53 -53 -51 -50 -49 -49 -49 -47 -46 -46 -45 -45 -45 -45 -43 -43 -43 -44 -46 -45 -46 -47 -47 -48 -45 -47 -50 -52 -49 -48 -48 -47 -49 -48 -47 -45 -46 -47 -49 -51 -50 -48 -47 -49
-45 -45 -45 -45 -47 -46 -47 -48 -48 -48 -47 -47 -49 -47 -47 -48 -47 -48 -46 -46 -46 -45 -45 -45 -46 -48 -47 -48 -51 -49 -52 -51 -54 -56 -61 -57 -62 -55 -54 -53 -53 -53 -55 -56 -55 -55 -55 -53 -53 -54 -54 -52 -53 -51 -51 -49 -49 -48 -47 -47 -46 -45 -45 -45 -44 -43 -43 -43 -44 -44 -45 -45 -46 -47 -46 -45 -47 -48 -46 -46 -46 -45 -45 -45 -45 -46 -47 -49 -48 -47 -47 -46 -45 -45
-45 -45 -44 -47 -47 -47 -48 -49 -49 -49 -49 -48 -48 -49 -46 -48 -48 -49 -47 -47 -47 -46 -46 -46 -47 -47 -46 -47 -49 -49 -57 -56 -58 -56 -59 -62 -57 -54 -54 -53 -53 -53 -52 -52 -52 -54 -53 -52 -52 -51 -52 -52 -52 -52 -51 -51 -50 -51 -49 -46 -46 -45 -45 -46 -44 -44 -44 -44 -44 -44 -44 -44 -45 -45 -47 -44 -44 -45 -44 -45 -45 -45 -45 -44 -44 -44 -44 -44 -44 -44 -44 -44 -44 -44
-45 -44 -44 -47 -47 -46 -46 -48 -48 -52 -49 -48 -49 -47 -47 -47 -50 -48 -46 -48 -50 -48 -47 -47 -46 -46 -46 -48 -48 -53 -57 -59 -59 -59 -60 -60 -57 -54 -53 -52 -54 -53 -53 -54 -53 -52 -52 -53 -52 -50 -50 -50 -50 -50 -50 -50 -51 -50 -48 -47 -48 -45 -46 -45 -44 -44 -44 -44 -44 -44 -44 -44 -44 -44 -44 -44 -45 -44 -44 -44 -45 -45 -46 -46 -46 -46 -45 -45 -45 -44 -44 -44 -44 -43
-45 -44 -45 -45 -46 -48 -48 -50 -49 -49 -53 -50 -48 -48 -48 -47 -47 -48 -47 -47 -47 -51 -48 -46 -46 -49 -47 -49 -47 -50 -51 -59 -59 -60 -60 -60 -59 -56 -53 -53 -57 -55 -53 -53 -54 -52 -51 -50 -50 -50 -50 -50 -48 -49 -48 -48 -48 -49 -49 -48 -48 -47 -49 -47 -47 -45 -44 -44 -44 -44 -44 -44 -44 -44 -44 -44 -44 -44 -44 -44 -44 -45 -45 -45 -46 -47 -48 -47 -47 -47 -45 -44 -43 -43
-45 -44 -45 -46 -47 -50 -50 -51 -51 -49 -49 -50 -48 -49 -49 -49 -48 -48 -51 -48 -49 -50 -48 -47 -48 -50 -48 -52 -50 -49 -50 -56 -57 -56 -61 -59 -59 -55 -54 -53 -53 -52 -54 -60 -59 -59 -52 -50 -51 -49 -52 -51 -49 -49 -50 -48 -47 -47 -47 -49 -48 -49 -50 -49 -48 -47 -48 -46 -45 -44 -44 -44 -44 -44 -44 -44 -44 -44 -44 -44 -45 -46 -46 -45 -45 -46 -47 -48 -48 -46 -45 -44 -43 -43
-44 -44 -45 -47 -48 -51 -52 -51 -52 -48 -49 -51 -51 -50 -50 -49 -50 -51 -51 -53 -53 -53 -52 -50 -50 -51 -48 -50 -52 -52 -50 -56 -54 -55 -58 -58 -57 -55 -55 -58 -54 -57 -59 -58 -59 -55 -55 -52 -50 -50 -50 -50 -53 -50 -48 -49 -48 -48 -47 -46 -47 -48 -50 -50 -49 -49 -47 -48 -48 -45 -44 -44 -44 -44 -44 -44 -44 -44 -44 -50 -48 -49 -54 -48 -47 -46 -44 -44 -45 -43 -43 -43 -43 -43
-45 -44 -48 -48 -52 -52 -50 -52 -51 -50 -50 -51 -52 -51 -50 -51 -51 -51 -51 -52 -52 -53 -53 -53 -52 -53 -50 -50 -53 -54 -52 -50 -54 -55 -57 -56 -53 -52 -52 -52 -53 -53 -55 -52 -55 -54 -54 -50 -48 -49 -50 -52 -51 -50 -50 -49 -49 -48 -47 -46 -46 -48 -51 -50 -50 -51 -50 -49 -48 -49 -49 -46 -47 -47 -46 -48 -48 -48 -49 -51 -55 -56 -57 -54 -57 -47 -46 -45 -45 -44 -45 -44 -43 -43
-45 -45 -47 -52 -51 -51 -51 -53 -51 -51 -51 -51 -51 -52 -50 -49 -51 -52 -51 -52 -50 -52 -51 -52 -52 -54 -54 -54 -55 -55 -53 -54 -51 -51 -54 -54 -52 -51 -51 -51 -53 -52 -51 -50 -49 -50 -49 -49 -50 -52 -54 -56 -56 -54 -57 -52 -57 -50 -48 -47 -46 -46 -48 -49 -49 -50 -48 -50 -50 -50 -48 -48 -50 -49 -48 -48 -49 -48 -49 -50 -52 -52 -55 -56 -54 -51 -51 -48 -46 -45 -44 -44 -43 -43
-46 -45 -47 -50 -49 -49 -50 -52 -52 -50 -50 -51 -52 -51 -50 -49 -49 -51 -52 -52 -51 -50 -50 -51 -52 -54 -53 -55 -54 -53 -52 -53 -52 -51 -50 -50 -50 -51 -51 -50 -50 -49 -49 -51 -51 -51 -51 -52 -55 -57 -57 -58 -58 -56 -56 -56 -56 -52 -49 -53 -47 -46 -46 -46 -49 -48 -50 -50 -49 -50 -50 -50 -51 -49 -48 -48 -46 -47 -46 -47 -48 -53 -54 -53 -54 -55 -54 -52 -48 -46 -44 -43 -43 -43
-48 -47 -45 -48 -47 -50 -52 -50 -50 -50 -49 -50 -49 -48 -48 -51 -51 -51 -51 -51 -51 -50 -51 -51 -50 -51 -54 -55 -54 -52 -52 -53 -53 -51 -50 -50 -50 -51 -51 -49 -50 -54 -54 -52 -52 -58 -58 -58 -57 -56 -57 -57 -57 -57 -55 -56 -55 -54 -55 -55 -52 -49 -47 -46 -46 -47 -48 -48 -50 -50 -52 -49 -50 -49 -50 -49 -50 -48 -46 -44 -48 -49 -52 -53 -50 -48 -47 -50 -48 -47 -44 -43 -43 -43
-49 -47 -45 -46 -48 -48 -50 -48 -49 -49 -48 -49 -50 -48 -50 -50 -51 -50 -49 -48 -48 -49 -49 -49 -50 -52 -51 -52 -52 -52 -52 -52 -53 -52 -51 -49 -50 -50 -49 -50 -52 -53 -52 -52 -56 -58 -58 -58 -56 -57 -55 -53 -57 -56 -54 -55 -55 -57 -57 -57 -55 -53 -53 -51 -48 -48 -46 -47 -49 -50 -47 -52 -53 -49 -49 -48 -48 -46 -45 -44 -46 -49 -49 -51 -50 -50 -47 -46 -45 -44 -44 -44 -43 -43
-47 -47 -46 -45 -46 -48 -48 -54 -50 -48 -48 -49 -50 -49 -48 -50 -49 -48 -48 -51 -50 -50 -51 -50 -50 -49 -49 -51 -51 -52 -52 -52 -52 -51 -51 -50 -50 -49 -49 -50 -50 -50 -52 -52 -56 -58 -58 -58 -56 -56 -53 -54 -56 -54 -54 -55 -56 -56 -56 -56 -57 -56 -51 -53 -53 -54 -47 -45 -47 -48 -48 -50 -50 -52 -47 -46 -45 -45 -45 -44 -43 -44 -47 -46 -48 -48 -47 -46 -46 -45 -45 -43 -43 -43
-48 -48 -47 -47 -46 -46 -48 -49 -46 -47 -48 -47 -49 -46 -48 -47 -47 -48 -55 -54 -54 -52 -54 -54 -52 -51 -51 -51 -51 -51 -51 -51 -51 -51 -52 -50 -49 -50 -51 -51 -52 -52 -51 -55 -59 -59 -59 -58 -56 -53 -55 -53 -53 -54 -54 -55 -55 -54 -54 -55 -55 -56 -56 -54 -54 -48 -47 -48 -46 -46 -47 -48 -50 -50 -50 -47 -45 -45 -44 -44 -44 -43 -43 -43 -44 -44 -44 -44 -44 -44 -43 -43 -42 -42
