analysis/data/raw_data/dwd_gridded/monthly_air_temperature_min_01_Jan_grids_germany_monthly_air_temp_min_190401.asc
NCOLS 654
NROWS 866
XLLCORNER 3280414.711633467
YLLCORNER 5237500.62890625
CELLSIZE 1000
NODATA_VALUE -999
[rows 574 to 614 of 866, columns 94 to 187 of 654]
-46 -46 -45 -41 -44 -42 -43 -42 -40 -43 -42 -45 -41 -39 -39 -37 -41 -44 -51 -48 -48 -48 -51 -51 -52 -51 -46 -45 -45 -44 -42 -40 -42 -39 -42 -37 -38 -38 -38 -38 -36 -36 -33 -33 -32 -32 -32 -31 -31 -31 -32 -33 -36 -38 -38 -38 -38 -38 -35 -34 -32 -32 -30 -32 -31 -29 -29 -28 -30 -33 -32 -28 -27 -27 -28 -29 -29 -29 -26 -26 -26 -26 -26 -26 -26 -26 -26 -27 -27 -27 -26 -26 -26 -25
-50 -52 -49 -45 -43 -43 -43 -42 -40 -40 -42 -44 -42 -40 -39 -39 -44 -48 -46 -46 -49 -50 -48 -48 -48 -47 -45 -44 -43 -43 -42 -42 -42 -42 -43 -39 -37 -38 -35 -36 -36 -35 -34 -34 -36 -33 -31 -31 -31 -31 -31 -32 -33 -36 -38 -38 -38 -37 -36 -34 -33 -31 -31 -33 -31 -29 -30 -29 -31 -33 -31 -30 -29 -28 -28 -29 -30 -30 -26 -26 -26 -26 -26 -26 -26 -26 -26 -26 -26 -26 -26 -26 -25 -25
-52 -57 -49 -45 -43 -39 -39 -43 -41 -39 -43 -43 -46 -43 -43 -36 -44 -43 -41 -45 -48 -46 -45 -45 -45 -45 -44 -43 -42 -43 -44 -43 -36 -44 -39 -37 -37 -36 -38 -35 -35 -36 -35 -36 -33 -32 -31 -31 -32 -32 -31 -31 -33 -33 -35 -35 -37 -37 -36 -35 -34 -34 -33 -31 -31 -31 -30 -29 -32 -31 -31 -29 -30 -28 -28 -28 -30 -28 -26 -26 -26 -26 -26 -26 -26 -26 -26 -26 -26 -26 -26 -26 -25 -24
-57 -52 -46 -44 -45 -40 -41 -41 -40 -40 -41 -41 -46 -46 -49 -46 -36 -37 -44 -47 -46 -44 -43 -43 -43 -43 -42 -42 -40 -43 -41 -44 -45 -42 -38 -37 -35 -37 -35 -34 -33 -33 -37 -34 -32 -31 -31 -31 -35 -33 -32 -32 -31 -32 -34 -34 -34 -36 -35 -37 -36 -34 -32 -31 -32 -33 -30 -29 -29 -29 -28 -29 -29 -29 -29 -28 -31 -27 -26 -26 -26 -26 -26 -26 -26 -26 -26 -26 -26 -26 -26 -26 -25 -24
-54 -51 -46 -46 -44 -43 -44 -44 -45 -42 -40 -45 -47 -53 -47 -43 -39 -37 -43 -43 -44 -44 -40 -42 -42 -42 -43 -43 -41 -38 -43 -45 -40 -37 -38 -37 -36 -34 -33 -33 -33 -35 -35 -33 -31 -31 -31 -31 -36 -33 -33 -33 -31 -33 -34 -38 -35 -34 -33 -35 -34 -34 -33 -34 -34 -32 -31 -31 -30 -30 -30 -29 -29 -30 -30 -30 -29 -28 -31 -27 -27 -27 -27 -26 -27 -26 -26 -26 -26 -26 -26 -25 -25 -24
-54 -48 -47 -48 -47 -46 -46 -44 -43 -39 -42 -46 -50 -47 -44 -41 -35 -35 -37 -43 -43 -42 -36 -43 -41 -41 -40 -40 -41 -37 -42 -40 -37 -36 -36 -37 -36 -33 -34 -32 -32 -31 -30 -30 -31 -31 -33 -32 -31 -31 -32 -32 -32 -32 -36 -36 -34 -33 -33 -33 -33 -34 -34 -36 -35 -34 -33 -32 -31 -31 -31 -30 -31 -31 -31 -32 -30 -33 -32 -27 -27 -27 -27 -27 -27 -27 -27 -27 -26 -26 -26 -26 -25 -24
-50 -49 -46 -47 -47 -46 -45 -45 -39 -41 -42 -47 -46 -45 -41 -40 -34 -42 -43 -42 -44 -43 -40 -36 -39 -37 -41 -42 -43 -40 -37 -38 -39 -37 -37 -35 -33 -32 -33 -33 -33 -35 -34 -30 -31 -32 -35 -33 -33 -33 -32 -32 -32 -32 -32 -32 -32 -33 -33 -32 -33 -35 -36 -37 -35 -34 -34 -34 -32 -31 -31 -31 -31 -30 -31 -31 -31 -33 -30 -28 -27 -27 -27 -27 -27 -27 -27 -27 -27 -26 -26 -26 -25 -24
-48 -46 -47 -45 -47 -46 -46 -42 -41 -43 -40 -44 -43 -44 -43 -38 -34 -40 -41 -39 -43 -41 -39 -35 -39 -41 -41 -43 -43 -39 -41 -37 -37 -40 -36 -36 -36 -35 -33 -34 -35 -40 -33 -33 -33 -35 -35 -34 -34 -33 -34 -32 -32 -33 -33 -33 -32 -32 -33 -33 -35 -36 -37 -36 -35 -34 -33 -32 -32 -32 -31 -31 -32 -31 -30 -31 -33 -33 -30 -28 -28 -27 -27 -27 -27 -27 -27 -27 -27 -26 -26 -26 -25 -24
-48 -47 -46 -43 -49 -46 -47 -43 -41 -46 -39 -41 -42 -43 -45 -43 -38 -36 -36 -42 -41 -38 -36 -33 -42 -38 -41 -41 -40 -40 -38 -40 -37 -35 -35 -34 -35 -35 -36 -35 -34 -38 -36 -35 -37 -36 -35 -34 -33 -35 -34 -32 -33 -33 -35 -35 -33 -32 -32 -35 -36 -37 -37 -35 -34 -34 -33 -33 -32 -32 -31 -32 -33 -33 -33 -32 -32 -32 -29 -28 -28 -28 -28 -28 -28 -28 -27 -27 -27 -27 -26 -26 -25 -25
-46 -46 -44 -45 -47 -45 -44 -45 -46 -43 -42 -41 -37 -42 -43 -41 -41 -39 -37 -33 -38 -36 -37 -35 -36 -36 -39 -35 -37 -38 -36 -35 -35 -37 -38 -35 -36 -37 -30 -33 -31 -32 -31 -38 -39 -38 -35 -35 -36 -33 -32 -33 -32 -33 -34 -34 -32 -32 -32 -34 -35 -38 -38 -36 -35 -34 -34 -33 -32 -31 -31 -31 -32 -34 -33 -34 -32 -32 -28 -28 -28 -28 -28 -28 -28 -28 -28 -28 -27 -27 -27 -26 -26 -25
-49 -50 -49 -45 -41 -43 -44 -41 -44 -46 -42 -41 -38 -39 -37 -41 -38 -34 -32 -37 -33 -32 -32 -35 -34 -36 -37 -34 -35 -36 -37 -37 -37 -32 -32 -35 -37 -35 -35 -37 -35 -33 -37 -37 -38 -35 -34 -33 -34 -35 -33 -33 -33 -33 -33 -34 -33 -32 -33 -33 -34 -35 -35 -35 -33 -34 -33 -31 -32 -32 -31 -33 -34 -34 -34 -34 -32 -31 -28 -28 -28 -28 -28 -28 -28 -28 -28 -28 -28 -27 -27 -27 -26 -25
-53 -51 -49 -45 -46 -41 -43 -44 -41 -47 -45 -45 -44 -41 -34 -33 -33 -39 -38 -40 -38 -36 -34 -32 -31 -33 -35 -33 -32 -35 -36 -35 -34 -31 -41 -36 -31 -32 -38 -37 -36 -31 -39 -40 -38 -37 -35 -36 -37 -37 -34 -34 -33 -34 -33 -33 -35 -33 -32 -32 -32 -33 -33 -34 -34 -32 -32 -32 -34 -32 -32 -32 -34 -34 -35 -33 -33 -32 -28 -28 -28 -28 -28 -28 -28 -28 -28 -28 -28 -27 -27 -27 -26 -26
-51 -49 -49 -47 -43 -42 -44 -43 -44 -46 -45 -43 -42 -42 -39 -38 -41 -37 -44 -40 -41 -36 -41 -36 -33 -31 -31 -31 -31 -31 -33 -31 -31 -31 -37 -36 -42 -41 -38 -38 -37 -31 -40 -40 -38 -36 -39 -34 -35 -35 -34 -33 -33 -36 -34 -34 -33 -33 -33 -33 -34 -34 -33 -34 -33 -35 -32 -31 -32 -33 -33 -33 -34 -35 -35 -34 -34 -32 -28 -28 -28 -28 -28 -28 -28 -28 -28 -28 -28 -28 -27 -27 -27 -26
-48 -48 -48 -46 -46 -39 -43 -40 -45 -44 -43 -43 -43 -34 -34 -39 -42 -41 -39 -45 -42 -37 -42 -38 -37 -33 -34 -35 -33 -36 -35 -33 -32 -38 -39 -37 -34 -35 -40 -39 -39 -32 -37 -37 -37 -36 -35 -33 -33 -36 -34 -35 -34 -36 -35 -36 -36 -36 -37 -35 -34 -35 -34 -34 -33 -35 -34 -33 -32 -32 -32 -32 -33 -35 -34 -33 -33 -31 -29 -29 -28 -28 -28 -28 -28 -28 -28 -28 -28 -28 -28 -28 -27 -27
-41 -47 -48 -47 -47 -40 -43 -43 -37 -44 -43 -40 -37 -37 -40 -36 -40 -44 -43 -43 -41 -42 -38 -35 -36 -37 -34 -38 -37 -37 -36 -31 -32 -39 -40 -38 -37 -38 -37 -39 -37 -32 -36 -38 -38 -37 -37 -36 -38 -36 -36 -37 -35 -34 -35 -36 -37 -38 -38 -39 -39 -35 -35 -34 -35 -34 -33 -33 -32 -32 -32 -32 -33 -34 -34 -33 -33 -30 -29 -29 -28 -28 -28 -28 -28 -28 -28 -28 -28 -28 -28 -28 -27 -27
-43 -42 -48 -46 -47 -42 -46 -41 -42 -39 -42 -39 -34 -39 -42 -39 -36 -37 -41 -45 -45 -41 -38 -39 -39 -36 -40 -41 -38 -35 -39 -33 -37 -36 -43 -40 -42 -42 -38 -38 -37 -36 -39 -39 -40 -38 -36 -39 -40 -40 -38 -37 -35 -37 -36 -38 -38 -38 -38 -39 -36 -38 -35 -36 -36 -33 -33 -34 -33 -32 -32 -33 -33 -33 -32 -31 -31 -30 -29 -29 -29 -28 -28 -28 -28 -28 -28 -28 -28 -28 -28 -28 -28 -27
-49 -41 -47 -45 -46 -47 -47 -40 -42 -39 -37 -35 -40 -36 -41 -42 -38 -37 -39 -39 -40 -40 -43 -40 -40 -38 -39 -39 -36 -36 -39 -31 -38 -39 -39 -43 -41 -41 -37 -38 -33 -38 -40 -41 -39 -36 -40 -41 -41 -39 -39 -38 -38 -38 -38 -38 -39 -39 -38 -40 -39 -36 -36 -34 -33 -33 -34 -37 -35 -34 -33 -33 -34 -34 -33 -33 -31 -29 -29 -29 -29 -28 -28 -28 -28 -28 -28 -28 -28 -28 -28 -28 -28 -28
-50 -46 -41 -44 -42 -47 -46 -45 -44 -36 -35 -39 -37 -40 -36 -38 -39 -38 -37 -41 -41 -41 -42 -40 -40 -41 -41 -41 -36 -38 -31 -31 -36 -41 -42 -42 -36 -35 -35 -35 -32 -33 -40 -41 -38 -36 -40 -42 -41 -38 -40 -37 -39 -39 -39 -40 -40 -40 -37 -36 -37 -36 -36 -35 -35 -35 -35 -38 -38 -36 -34 -34 -34 -34 -33 -32 -33 -29 -29 -29 -29 -28 -28 -28 -28 -28 -28 -28 -28 -28 -28 -28 -28 -28
-48 -44 -44 -39 -42 -45 -42 -44 -36 -35 -40 -38 -41 -39 -40 -38 -42 -40 -38 -41 -43 -41 -39 -42 -42 -40 -40 -39 -38 -33 -36 -37 -38 -39 -43 -41 -37 -33 -35 -35 -32 -37 -39 -39 -35 -39 -42 -42 -39 -40 -41 -38 -37 -40 -39 -38 -38 -38 -37 -37 -37 -38 -39 -36 -35 -38 -39 -39 -39 -38 -35 -35 -32 -33 -33 -33 -31 -29 -29 -29 -29 -28 -28 -28 -28 -28 -28 -28 -28 -28 -28 -28 -28 -28
-43 -41 -44 -45 -40 -46 -45 -35 -37 -40 -42 -42 -41 -38 -42 -42 -43 -41 -40 -42 -43 -42 -40 -37 -37 -37 -38 -37 -36 -31 -36 -38 -42 -42 -41 -36 -39 -35 -39 -37 -33 -37 -41 -38 -39 -41 -41 -42 -39 -42 -40 -37 -40 -41 -38 -35 -38 -38 -37 -39 -40 -40 -36 -36 -36 -38 -38 -38 -39 -38 -37 -35 -33 -32 -31 -31 -29 -29 -29 -29 -29 -28 -28 -28 -28 -28 -28 -28 -28 -28 -28 -28 -28 -28
-46 -45 -42 -38 -39 -40 -39 -38 -38 -43 -44 -44 -40 -42 -39 -42 -42 -41 -41 -44 -43 -40 -42 -40 -36 -35 -41 -39 -36 -31 -34 -36 -42 -42 -38 -39 -40 -36 -40 -33 -35 -36 -40 -36 -39 -40 -42 -42 -42 -39 -39 -41 -42 -41 -40 -40 -39 -38 -40 -40 -39 -38 -38 -36 -36 -37 -38 -38 -39 -38 -35 -32 -31 -32 -32 -31 -29 -29 -29 -29 -29 -29 -29 -29 -29 -29 -28 -29 -29 -29 -28 -29 -29 -29
-48 -45 -40 -42 -41 -38 -40 -42 -44 -41 -44 -46 -45 -44 -43 -41 -40 -41 -42 -43 -39 -37 -36 -37 -34 -34 -33 -35 -32 -31 -36 -35 -35 -39 -41 -40 -37 -35 -38 -33 -39 -39 -39 -36 -41 -38 -43 -42 -41 -42 -38 -41 -40 -41 -40 -40 -38 -40 -40 -39 -38 -39 -40 -39 -38 -35 -35 -36 -35 -32 -32 -31 -31 -30 -30 -30 -30 -29 -29 -29 -29 -29 -29 -29 -29 -29 -29 -29 -29 -29 -29 -29 -29 -29
-48 -43 -47 -44 -43 -42 -49 -47 -50 -45 -43 -44 -47 -48 -44 -42 -43 -40 -42 -41 -41 -42 -39 -37 -35 -39 -35 -36 -32 -37 -36 -36 -38 -42 -39 -37 -36 -36 -37 -34 -38 -40 -40 -36 -42 -40 -41 -42 -43 -40 -38 -41 -42 -41 -40 -40 -40 -40 -40 -39 -40 -40 -39 -38 -36 -35 -34 -33 -32 -32 -33 -31 -32 -31 -31 -31 -30 -29 -29 -29 -29 -29 -29 -29 -29 -29 -29 -29 -29 -29 -29 -29 -29 -29
-46 -41 -48 -47 -49 -49 -46 -53 -49 -50 -46 -47 -50 -47 -44 -43 -42 -43 -40 -41 -39 -39 -39 -35 -39 -38 -38 -36 -33 -39 -36 -39 -39 -40 -38 -40 -36 -40 -37 -38 -37 -41 -41 -39 -41 -42 -39 -43 -45 -40 -42 -40 -41 -42 -41 -40 -40 -40 -40 -40 -40 -40 -39 -38 -38 -35 -36 -36 -34 -34 -32 -32 -31 -31 -31 -31 -30 -29 -29 -29 -29 -29 -29 -29 -29 -29 -29 -29 -29 -29 -29 -29 -29 -29
-43 -44 -49 -48 -51 -48 -49 -48 -50 -49 -46 -46 -44 -44 -46 -44 -45 -42 -40 -41 -38 -37 -38 -38 -38 -36 -34 -34 -36 -40 -40 -39 -40 -41 -37 -38 -40 -42 -37 -37 -39 -41 -39 -38 -42 -44 -46 -44 -42 -43 -41 -40 -43 -40 -38 -38 -40 -40 -40 -39 -39 -39 -39 -39 -39 -38 -37 -36 -34 -33 -32 -31 -31 -30 -30 -30 -30 -29 -29 -29 -29 -29 -29 -29 -29 -29 -29 -29 -29 -29 -29 -29 -29 -29
-45 -46 -47 -47 -50 -49 -52 -52 -53 -47 -45 -42 -43 -45 -46 -44 -41 -42 -40 -39 -37 -40 -37 -38 -32 -32 -36 -36 -35 -38 -40 -38 -41 -39 -36 -38 -39 -42 -42 -37 -37 -40 -41 -39 -39 -42 -44 -46 -47 -45 -43 -42 -43 -40 -38 -37 -37 -36 -38 -38 -37 -39 -39 -39 -39 -37 -37 -35 -33 -33 -32 -31 -31 -30 -30 -30 -30 -29 -29 -29 -29 -29 -29 -29 -29 -29 -29 -29 -29 -29 -29 -29 -29 -30
-47 -48 -47 -50 -48 -47 -49 -48 -50 -45 -42 -43 -44 -44 -46 -44 -45 -44 -39 -39 -38 -36 -37 -35 -35 -37 -36 -36 -39 -41 -42 -42 -42 -40 -39 -40 -39 -43 -47 -41 -35 -37 -40 -38 -42 -42 -45 -46 -44 -45 -46 -45 -44 -40 -38 -37 -39 -38 -35 -36 -35 -38 -39 -39 -39 -37 -37 -34 -33 -31 -31 -31 -30 -31 -31 -31 -31 -29 -29 -29 -29 -29 -29 -29 -29 -29 -29 -29 -29 -29 -29 -29 -29 -29
-48 -47 -49 -51 -50 -47 -48 -48 -47 -46 -46 -44 -41 -45 -47 -46 -44 -42 -40 -41 -40 -35 -34 -32 -34 -37 -38 -37 -37 -40 -40 -43 -42 -38 -40 -40 -41 -43 -41 -41 -34 -41 -39 -39 -44 -47 -45 -46 -45 -42 -43 -40 -40 -39 -38 -37 -39 -39 -39 -36 -33 -35 -35 -38 -37 -37 -37 -33 -32 -32 -32 -32 -32 -32 -32 -32 -31 -29 -29 -29 -29 -29 -29 -29 -29 -29 -29 -29 -29 -29 -29 -29 -29 -29
-48 -49 -49 -50 -50 -47 -48 -44 -46 -45 -46 -46 -38 -44 -43 -42 -45 -40 -40 -39 -39 -38 -33 -39 -32 -38 -40 -39 -33 -39 -38 -40 -43 -40 -43 -40 -45 -45 -42 -39 -34 -39 -40 -40 -45 -44 -45 -47 -43 -40 -40 -41 -39 -38 -38 -37 -38 -35 -35 -35 -35 -35 -34 -33 -33 -32 -34 -33 -33 -33 -33 -32 -32 -31 -31 -31 -30 -30 -30 -29 -29 -29 -29 -29 -29 -29 -29 -29 -29 -29 -29 -29 -30 -30
-44 -46 -46 -49 -49 -46 -45 -46 -45 -48 -46 -42 -36 -41 -43 -42 -40 -37 -41 -40 -39 -32 -35 -37 -33 -39 -35 -40 -36 -34 -35 -36 -40 -43 -41 -44 -43 -41 -40 -36 -34 -41 -40 -42 -41 -41 -52 -53 -50 -41 -39 -40 -39 -37 -35 -35 -34 -36 -36 -38 -38 -37 -35 -38 -34 -32 -31 -32 -31 -31 -31 -31 -30 -30 -30 -30 -30 -30 -30 -30 -30 -29 -29 -29 -29 -29 -29 -29 -29 -30 -30 -30 -30 -31
-47 -48 -50 -49 -49 -46 -47 -46 -45 -48 -48 -45 -38 -35 -38 -39 -37 -38 -38 -32 -32 -33 -38 -39 -38 -35 -39 -41 -40 -37 -36 -40 -39 -43 -42 -41 -42 -39 -37 -36 -35 -41 -43 -43 -42 -44 -50 -56 -56 -44 -40 -39 -38 -38 -38 -35 -37 -40 -39 -39 -38 -35 -37 -39 -38 -36 -33 -33 -32 -32 -31 -31 -31 -31 -31 -31 -30 -30 -30 -30 -30 -29 -29 -29 -29 -29 -29 -29 -30 -30 -30 -30 -30 -30
-45 -49 -48 -49 -46 -46 -48 -44 -44 -44 -41 -36 -35 -42 -34 -38 -38 -38 -33 -33 -36 -37 -37 -39 -37 -34 -41 -38 -41 -40 -35 -39 -38 -40 -43 -43 -40 -37 -36 -38 -35 -40 -44 -45 -46 -50 -49 -49 -49 -41 -39 -37 -36 -37 -37 -36 -38 -39 -38 -38 -36 -37 -39 -40 -38 -36 -33 -33 -31 -31 -31 -31 -31 -30 -30 -31 -30 -30 -29 -29 -29 -29 -29 -29 -29 -29 -29 -29 -30 -30 -30 -30 -30 -30
-47 -47 -47 -50 -49 -42 -49 -46 -43 -40 -38 -44 -42 -38 -33 -33 -33 -34 -38 -33 -37 -36 -38 -41 -37 -33 -40 -41 -41 -39 -37 -39 -40 -40 -44 -42 -37 -38 -36 -34 -40 -43 -43 -41 -50 -51 -46 -46 -43 -40 -39 -37 -37 -37 -35 -35 -38 -38 -38 -36 -38 -38 -38 -38 -36 -36 -32 -31 -31 -31 -31 -31 -31 -30 -30 -30 -30 -29 -29 -29 -29 -29 -29 -29 -29 -29 -30 -30 -30 -30 -30 -30 -31 -30
-46 -46 -45 -48 -49 -48 -50 -49 -48 -43 -41 -43 -41 -33 -35 -39 -38 -37 -37 -35 -33 -37 -42 -42 -36 -40 -37 -42 -44 -41 -37 -42 -43 -42 -43 -43 -40 -36 -39 -36 -38 -40 -38 -43 -48 -40 -44 -39 -37 -39 -37 -37 -36 -35 -35 -35 -36 -37 -37 -38 -38 -38 -38 -39 -39 -36 -32 -32 -32 -33 -33 -32 -32 -32 -31 -31 -31 -30 -30 -30 -30 -30 -30 -30 -30 -30 -30 -30 -30 -31 -31 -31 -31 -31
-50 -48 -48 -48 -48 -51 -48 -42 -41 -40 -40 -46 -39 -34 -36 -38 -38 -37 -36 -38 -35 -39 -47 -47 -35 -33 -39 -38 -44 -41 -37 -36 -40 -42 -43 -38 -38 -38 -41 -40 -39 -35 -38 -37 -39 -40 -40 -40 -39 -37 -37 -36 -37 -36 -35 -37 -37 -38 -38 -39 -38 -38 -38 -39 -36 -34 -33 -31 -31 -33 -33 -32 -32 -32 -31 -31 -31 -30 -30 -30 -30 -30 -30 -30 -30 -30 -30 -30 -31 -31 -31 -31 -32 -32
-52 -49 -49 -48 -49 -47 -47 -42 -42 -42 -43 -38 -33 -32 -35 -38 -41 -38 -47 -44 -36 -37 -47 -46 -39 -36 -35 -39 -43 -42 -38 -39 -38 -44 -44 -43 -37 -39 -40 -40 -40 -37 -35 -37 -38 -38 -37 -37 -38 -37 -38 -37 -38 -38 -37 -39 -38 -38 -35 -37 -35 -34 -37 -38 -32 -32 -32 -32 -33 -33 -33 -32 -32 -31 -31 -31 -31 -30 -30 -30 -30 -30 -30 -30 -30 -30 -30 -30 -31 -31 -31 -31 -31 -31
-53 -51 -50 -51 -50 -41 -39 -43 -43 -40 -40 -41 -40 -34 -37 -40 -42 -43 -43 -45 -45 -37 -41 -43 -40 -35 -36 -38 -43 -41 -41 -41 -42 -42 -43 -41 -38 -38 -36 -40 -40 -37 -36 -36 -35 -36 -38 -41 -41 -39 -37 -37 -40 -42 -38 -37 -37 -36 -34 -34 -33 -32 -33 -33 -36 -33 -32 -33 -33 -33 -32 -31 -31 -31 -31 -31 -30 -30 -30 -30 -30 -30 -30 -30 -31 -30 -31 -31 -31 -31 -31 -31 -32 -31
-52 -47 -48 -44 -48 -39 -39 -36 -37 -36 -40 -38 -39 -35 -32 -36 -38 -42 -45 -49 -40 -37 -40 -42 -40 -35 -37 -42 -43 -39 -39 -39 -42 -44 -42 -38 -37 -39 -37 -40 -39 -36 -36 -36 -36 -36 -37 -41 -40 -38 -38 -40 -40 -41 -38 -38 -38 -36 -34 -33 -33 -35 -37 -39 -35 -33 -33 -33 -33 -33 -32 -31 -31 -31 -30 -30 -30 -30 -30 -30 -30 -31 -31 -31 -31 -31 -31 -31 -31 -32 -32 -32 -32 -32
-44 -42 -41 -40 -39 -39 -42 -41 -35 -35 -38 -35 -35 -35 -34 -38 -39 -37 -40 -41 -39 -45 -40 -39 -40 -39 -33 -35 -40 -37 -40 -38 -38 -41 -40 -40 -41 -38 -37 -40 -36 -36 -35 -37 -35 -38 -37 -40 -38 -41 -39 -40 -39 -38 -39 -38 -34 -35 -35 -35 -34 -37 -39 -39 -34 -34 -34 -33 -34 -32 -31 -31 -31 -31 -31 -30 -30 -30 -30 -30 -31 -31 -31 -31 -31 -31 -31 -31 -31 -32 -32 -32 -33 -32
-43 -42 -41 -41 -42 -43 -39 -41 -35 -36 -35 -38 -35 -39 -35 -41 -38 -35 -38 -37 -40 -43 -41 -41 -41 -39 -37 -35 -33 -38 -36 -37 -37 -39 -38 -40 -43 -40 -38 -38 -37 -37 -36 -39 -36 -39 -39 -40 -40 -40 -40 -39 -37 -37 -37 -35 -35 -36 -35 -35 -36 -38 -39 -36 -35 -34 -33 -34 -33 -32 -31 -32 -32 -31 -31 -31 -30 -30 -30 -30 -31 -31 -31 -31 -31 -31 -31 -31 -31 -32 -32 -32 -32 -32
-40 -43 -42 -45 -46 -43 -41 -38 -37 -40 -40 -37 -37 -34 -38 -47 -43 -39 -35 -40 -39 -41 -43 -42 -42 -39 -38 -40 -35 -35 -35 -36 -38 -38 -40 -40 -41 -40 -39 -41 -37 -38 -36 -38 -35 -39 -40 -39 -39 -37 -40 -40 -37 -36 -37 -36 -41 -37 -37 -37 -38 -34 -39 -39 -35 -34 -34 -33 -33 -33 -32 -32 -32 -31 -31 -30 -30 -30 -31 -31 -31 -31 -31 -31 -31 -31 -31 -31 -31 -32 -32 -32 -33 -33
