analysis/data/raw_data/dwd_gridded/monthly_air_temperature_min_01_Jan_grids_germany_monthly_air_temp_min_190901.asc
NCOLS 654
NROWS 866
XLLCORNER 3280414.711633467
YLLCORNER 5237500.62890625
CELLSIZE 1000
NODATA_VALUE -999
[rows 410 to 450 of 866, columns 94 to 187 of 654]
-26 -25 -24 -27 -27 -24 -28 -27 -28 -29 -26 -29 -28 -26 -27 -28 -30 -26 -23 -24 -26 -27 -28 -29 -25 -25 -27 -29 -27 -27 -27 -30 -30 -33 -39 -38 -40 -39 -38 -39 -42 -40 -39 -46 -42 -42 -36 -37 -39 -42 -42 -42 -43 -41 -36 -43 -44 -48 -48 -40 -43 -42 -46 -45 -46 -45 -41 -38 -39 -45 -44 -48 -43 -43 -42 -45 -45 -41 -44 -42 -43 -40 -49 -46 -42 -42 -42 -48 -43 -53 -53 -55 -58 -56
-25 -26 -24 -25 -27 -24 -28 -27 -28 -30 -28 -27 -30 -27 -27 -25 -26 -24 -26 -24 -28 -29 -29 -28 -27 -25 -27 -31 -28 -33 -28 -32 -37 -35 -39 -38 -43 -38 -39 -46 -43 -47 -43 -50 -49 -45 -40 -36 -39 -41 -44 -44 -40 -40 -39 -39 -45 -48 -47 -43 -44 -46 -47 -48 -49 -48 -46 -38 -38 -38 -39 -44 -39 -38 -39 -39 -38 -43 -46 -41 -44 -44 -39 -38 -41 -43 -42 -42 -46 -43 -43 -45 -51 -58
-26 -29 -27 -26 -28 -26 -27 -26 -26 -28 -26 -25 -26 -26 -25 -23 -26 -31 -31 -32 -24 -24 -29 -29 -29 -28 -25 -25 -31 -40 -28 -36 -38 -34 -37 -40 -45 -46 -42 -45 -43 -39 -46 -51 -44 -41 -42 -36 -40 -44 -42 -46 -42 -40 -42 -37 -43 -41 -48 -50 -50 -49 -48 -48 -44 -40 -42 -40 -38 -38 -38 -39 -37 -37 -37 -38 -41 -38 -39 -38 -39 -42 -44 -45 -42 -47 -46 -43 -42 -41 -41 -43 -53 -56
-26 -29 -27 -27 -29 -28 -28 -28 -27 -26 -24 -25 -25 -25 -27 -28 -33 -34 -32 -26 -29 -28 -25 -34 -34 -36 -32 -32 -41 -33 -27 -29 -45 -42 -41 -44 -46 -41 -44 -44 -42 -42 -48 -42 -44 -41 -38 -35 -39 -39 -42 -40 -39 -44 -46 -39 -44 -46 -47 -45 -47 -51 -48 -43 -46 -50 -42 -39 -40 -42 -38 -38 -39 -42 -40 -39 -39 -44 -44 -42 -45 -48 -48 -45 -40 -41 -41 -46 -43 -46 -49 -54 -48 -49
-26 -25 -26 -29 -31 -28 -28 -28 -26 -28 -24 -24 -30 -33 -33 -28 -31 -32 -33 -35 -36 -32 -27 -34 -39 -35 -36 -39 -40 -39 -32 -29 -44 -38 -41 -42 -43 -41 -45 -44 -45 -45 -42 -39 -39 -36 -37 -35 -41 -40 -42 -40 -40 -47 -46 -42 -40 -42 -42 -45 -44 -44 -45 -43 -41 -40 -38 -39 -42 -40 -40 -40 -44 -44 -34 -42 -37 -43 -51 -46 -47 -41 -43 -41 -40 -42 -44 -48 -50 -49 -52 -59 -47 -46
-28 -29 -28 -31 -31 -29 -27 -28 -29 -26 -26 -33 -34 -34 -31 -32 -34 -33 -37 -33 -34 -32 -27 -37 -38 -33 -29 -36 -40 -42 -34 -30 -45 -45 -46 -45 -45 -43 -48 -47 -47 -48 -42 -40 -37 -39 -37 -37 -41 -41 -45 -41 -41 -41 -40 -39 -39 -42 -39 -39 -45 -46 -43 -46 -44 -39 -43 -43 -45 -41 -42 -40 -40 -46 -42 -45 -39 -40 -38 -37 -44 -45 -46 -44 -41 -43 -44 -46 -59 -42 -42 -54 -45 -52
-27 -30 -30 -28 -27 -28 -31 -28 -30 -30 -27 -35 -33 -31 -29 -30 -36 -37 -39 -37 -34 -33 -27 -32 -35 -33 -31 -40 -43 -43 -33 -29 -28 -39 -42 -46 -46 -41 -47 -45 -48 -43 -41 -37 -37 -39 -39 -37 -39 -43 -46 -42 -42 -43 -40 -43 -39 -42 -45 -45 -42 -42 -44 -45 -49 -50 -46 -46 -46 -47 -54 -43 -42 -46 -39 -44 -40 -47 -41 -38 -44 -44 -43 -40 -43 -49 -46 -45 -51 -43 -40 -47 -48 -56
-29 -27 -25 -26 -26 -27 -26 -27 -30 -30 -25 -28 -28 -35 -30 -34 -38 -38 -40 -40 -37 -38 -31 -31 -33 -39 -35 -37 -42 -47 -43 -30 -34 -34 -36 -38 -39 -38 -41 -47 -45 -47 -42 -37 -36 -40 -38 -38 -39 -40 -41 -40 -41 -42 -42 -43 -44 -40 -40 -50 -49 -47 -44 -54 -47 -50 -45 -46 -54 -55 -48 -44 -47 -42 -44 -42 -42 -42 -41 -43 -44 -46 -52 -42 -39 -55 -51 -43 -54 -41 -43 -45 -48 -50
-26 -24 -26 -23 -23 -26 -27 -29 -32 -29 -31 -32 -29 -31 -32 -37 -35 -38 -39 -38 -38 -39 -28 -35 -40 -42 -40 -36 -43 -44 -42 -34 -38 -32 -39 -42 -39 -38 -42 -50 -42 -40 -38 -37 -38 -39 -39 -42 -42 -44 -43 -41 -40 -44 -42 -46 -46 -46 -42 -43 -47 -45 -45 -51 -46 -47 -42 -38 -41 -50 -49 -48 -46 -41 -41 -42 -41 -41 -41 -49 -48 -47 -57 -42 -44 -53 -51 -48 -47 -41 -43 -45 -51 -49
-23 -23 -23 -24 -26 -30 -33 -32 -35 -28 -28 -34 -33 -27 -33 -33 -38 -39 -37 -32 -35 -31 -30 -32 -34 -34 -40 -38 -41 -40 -45 -38 -39 -35 -35 -35 -38 -42 -46 -45 -42 -38 -39 -37 -42 -42 -44 -42 -45 -42 -46 -43 -40 -43 -46 -46 -46 -44 -45 -46 -54 -47 -47 -53 -49 -51 -49 -41 -40 -43 -44 -48 -47 -42 -41 -41 -44 -48 -41 -50 -55 -52 -46 -38 -42 -54 -44 -51 -51 -41 -43 -46 -56 -53
-24 -25 -22 -25 -32 -27 -31 -30 -34 -32 -32 -33 -34 -30 -29 -35 -36 -40 -36 -33 -34 -36 -29 -33 -37 -37 -35 -43 -41 -46 -47 -45 -39 -38 -31 -33 -33 -43 -43 -42 -43 -43 -42 -42 -39 -41 -43 -43 -47 -48 -44 -43 -44 -48 -46 -50 -50 -50 -44 -45 -46 -50 -50 -50 -53 -51 -44 -43 -41 -40 -42 -47 -48 -42 -39 -50 -53 -50 -42 -42 -51 -52 -52 -41 -43 -48 -46 -52 -48 -41 -48 -44 -53 -61
-31 -25 -22 -29 -27 -25 -30 -29 -33 -33 -33 -33 -34 -35 -33 -33 -33 -37 -37 -37 -34 -37 -30 -35 -37 -39 -41 -40 -44 -43 -43 -39 -39 -38 -37 -35 -32 -33 -36 -42 -38 -43 -46 -43 -42 -44 -45 -45 -48 -45 -45 -47 -43 -50 -49 -53 -55 -52 -45 -50 -52 -51 -53 -54 -55 -54 -53 -42 -39 -40 -44 -47 -44 -42 -42 -49 -50 -43 -47 -43 -43 -47 -42 -45 -44 -53 -44 -45 -45 -44 -57 -52 -52 -62
-29 -27 -29 -30 -29 -31 -27 -27 -30 -32 -35 -34 -35 -35 -33 -33 -34 -37 -39 -37 -37 -37 -35 -39 -40 -39 -43 -41 -39 -37 -38 -38 -37 -42 -40 -39 -36 -40 -32 -32 -36 -32 -32 -45 -45 -45 -45 -46 -48 -48 -46 -48 -45 -47 -51 -53 -57 -49 -48 -53 -52 -52 -57 -50 -49 -46 -42 -39 -41 -42 -47 -41 -40 -46 -46 -41 -44 -48 -48 -43 -44 -46 -43 -47 -43 -52 -46 -48 -41 -43 -54 -52 -47 -51
-30 -27 -26 -31 -26 -30 -27 -27 -31 -32 -35 -34 -35 -36 -31 -37 -38 -39 -41 -39 -37 -36 -31 -36 -37 -39 -42 -41 -42 -41 -43 -37 -39 -43 -43 -41 -41 -38 -37 -33 -41 -38 -32 -34 -39 -44 -47 -44 -45 -48 -47 -49 -49 -48 -49 -58 -54 -50 -53 -57 -53 -47 -45 -43 -42 -42 -44 -40 -45 -39 -39 -41 -43 -46 -42 -50 -40 -41 -45 -44 -47 -40 -42 -45 -43 -46 -44 -44 -40 -45 -54 -53 -50 -48
-30 -29 -28 -29 -27 -31 -31 -30 -32 -32 -36 -35 -35 -36 -33 -36 -36 -39 -39 -37 -35 -38 -37 -32 -33 -39 -38 -37 -41 -42 -42 -41 -41 -45 -42 -36 -38 -43 -39 -35 -37 -41 -37 -32 -38 -41 -39 -41 -39 -43 -49 -51 -53 -52 -50 -53 -57 -52 -57 -54 -49 -47 -49 -54 -50 -41 -46 -40 -47 -43 -40 -48 -49 -44 -48 -44 -45 -46 -48 -51 -45 -51 -45 -45 -45 -47 -50 -47 -41 -43 -50 -51 -50 -54
-29 -28 -31 -31 -29 -33 -30 -26 -29 -34 -35 -36 -37 -35 -34 -37 -34 -39 -38 -39 -38 -39 -37 -40 -39 -38 -40 -41 -44 -41 -42 -42 -41 -40 -42 -43 -35 -38 -39 -43 -44 -43 -42 -38 -33 -32 -32 -33 -37 -41 -43 -49 -39 -40 -42 -47 -53 -52 -53 -49 -50 -47 -52 -48 -45 -47 -44 -41 -47 -45 -40 -41 -42 -46 -48 -45 -42 -48 -43 -53 -43 -51 -53 -48 -49 -53 -55 -54 -44 -43 -52 -55 -49 -53
-28 -29 -31 -31 -32 -31 -31 -29 -33 -32 -34 -34 -38 -38 -35 -38 -36 -38 -41 -41 -40 -42 -38 -34 -41 -38 -40 -41 -41 -43 -43 -41 -45 -44 -41 -42 -37 -40 -48 -42 -46 -47 -50 -46 -45 -41 -38 -48 -35 -35 -34 -33 -35 -36 -40 -41 -45 -51 -50 -52 -53 -48 -46 -46 -44 -44 -44 -43 -44 -46 -39 -40 -42 -43 -43 -51 -43 -47 -46 -51 -44 -53 -52 -45 -54 -56 -44 -41 -48 -44 -52 -49 -51 -54
-24 -30 -31 -32 -33 -31 -26 -31 -31 -32 -35 -34 -36 -38 -38 -38 -38 -37 -37 -41 -41 -37 -36 -35 -37 -34 -38 -38 -42 -41 -43 -44 -48 -45 -41 -44 -38 -42 -46 -47 -45 -46 -48 -52 -46 -44 -39 -38 -44 -44 -43 -47 -37 -40 -50 -53 -47 -51 -43 -47 -45 -42 -46 -47 -48 -46 -43 -46 -44 -43 -42 -42 -42 -43 -41 -45 -45 -50 -46 -51 -48 -47 -50 -53 -55 -49 -49 -42 -50 -45 -48 -54 -49 -48
-26 -28 -31 -32 -32 -32 -29 -31 -35 -35 -35 -35 -37 -37 -39 -37 -37 -36 -37 -39 -39 -38 -39 -38 -41 -41 -35 -40 -40 -42 -40 -46 -43 -41 -41 -43 -39 -46 -47 -43 -45 -46 -48 -42 -38 -37 -34 -39 -40 -42 -52 -44 -39 -37 -49 -44 -43 -48 -44 -46 -41 -42 -51 -50 -53 -46 -46 -44 -45 -45 -41 -42 -41 -40 -46 -47 -48 -50 -51 -53 -54 -51 -57 -53 -54 -50 -46 -46 -45 -51 -47 -48 -52 -52
-33 -32 -31 -31 -32 -32 -29 -30 -34 -35 -33 -36 -35 -38 -38 -38 -37 -35 -38 -41 -39 -40 -40 -39 -38 -38 -40 -39 -40 -41 -41 -41 -44 -43 -46 -38 -45 -44 -45 -40 -39 -37 -37 -37 -36 -40 -37 -46 -50 -44 -42 -50 -39 -38 -38 -44 -40 -43 -40 -39 -42 -47 -50 -52 -48 -49 -44 -50 -47 -46 -43 -40 -46 -39 -39 -46 -45 -44 -44 -47 -51 -51 -49 -44 -47 -43 -52 -52 -51 -47 -50 -48 -50 -50
-31 -32 -33 -34 -32 -31 -31 -31 -31 -33 -35 -36 -34 -35 -35 -34 -38 -37 -38 -39 -41 -42 -39 -37 -37 -35 -36 -41 -41 -43 -43 -46 -47 -43 -43 -42 -44 -47 -43 -44 -42 -45 -45 -47 -46 -39 -42 -44 -48 -50 -42 -47 -40 -36 -36 -39 -39 -40 -40 -44 -46 -45 -47 -45 -44 -51 -44 -49 -47 -44 -41 -40 -41 -43 -42 -39 -39 -40 -44 -40 -49 -43 -42 -49 -48 -48 -43 -45 -54 -48 -56 -50 -48 -52
-31 -29 -31 -32 -33 -33 -31 -31 -33 -35 -36 -34 -34 -34 -36 -37 -37 -38 -38 -39 -40 -41 -39 -39 -38 -37 -38 -37 -38 -45 -47 -47 -42 -45 -49 -45 -47 -45 -46 -41 -42 -42 -47 -41 -41 -40 -40 -46 -50 -46 -47 -47 -39 -37 -39 -39 -39 -41 -43 -48 -47 -47 -44 -42 -43 -47 -48 -50 -44 -40 -42 -39 -38 -39 -44 -39 -41 -43 -38 -39 -41 -41 -50 -43 -41 -48 -45 -50 -47 -56 -52 -50 -45 -49
-27 -28 -28 -32 -32 -31 -33 -33 -32 -31 -35 -33 -34 -35 -34 -35 -37 -37 -39 -40 -40 -41 -40 -35 -40 -38 -37 -42 -42 -43 -46 -47 -48 -43 -44 -49 -47 -51 -47 -48 -44 -48 -44 -40 -38 -42 -42 -45 -50 -47 -43 -39 -39 -35 -39 -40 -43 -45 -41 -49 -41 -43 -44 -40 -42 -44 -47 -47 -45 -43 -41 -40 -39 -39 -40 -42 -44 -38 -39 -39 -38 -41 -45 -42 -41 -40 -47 -40 -48 -53 -53 -49 -48 -42
-27 -31 -31 -32 -33 -33 -32 -33 -30 -31 -33 -34 -32 -34 -35 -34 -35 -37 -37 -37 -39 -39 -39 -39 -42 -39 -40 -39 -43 -44 -49 -47 -50 -46 -46 -47 -52 -48 -46 -46 -42 -43 -46 -47 -44 -42 -47 -45 -42 -41 -42 -39 -39 -39 -37 -40 -43 -40 -41 -44 -39 -40 -42 -46 -49 -47 -49 -49 -45 -43 -44 -42 -43 -43 -42 -41 -40 -37 -37 -37 -40 -42 -44 -36 -39 -44 -39 -47 -50 -50 -43 -45 -48 -46
-33 -31 -32 -33 -34 -32 -33 -35 -33 -30 -34 -33 -33 -34 -34 -33 -37 -36 -37 -38 -38 -36 -36 -37 -39 -39 -41 -43 -37 -43 -43 -44 -47 -45 -48 -46 -48 -50 -57 -53 -51 -54 -51 -45 -41 -47 -43 -42 -43 -41 -39 -39 -37 -43 -42 -39 -39 -39 -37 -39 -41 -43 -40 -43 -50 -50 -48 -54 -50 -48 -52 -50 -45 -45 -43 -38 -39 -39 -47 -41 -41 -38 -41 -42 -45 -42 -48 -48 -44 -47 -47 -43 -43 -44
-32 -30 -30 -32 -31 -34 -31 -34 -34 -32 -31 -33 -34 -32 -33 -34 -35 -35 -39 -38 -37 -37 -39 -41 -40 -40 -40 -42 -41 -39 -39 -43 -47 -47 -49 -53 -53 -55 -51 -52 -51 -52 -46 -46 -47 -48 -45 -42 -40 -39 -39 -39 -35 -41 -39 -39 -36 -37 -47 -45 -46 -44 -45 -47 -50 -47 -46 -51 -48 -48 -47 -42 -49 -46 -38 -38 -37 -39 -38 -42 -43 -42 -40 -39 -40 -46 -50 -45 -41 -50 -50 -45 -43 -41
-30 -30 -32 -32 -30 -33 -30 -32 -33 -32 -30 -32 -33 -33 -32 -32 -33 -37 -36 -37 -37 -38 -41 -44 -45 -41 -39 -41 -40 -40 -42 -45 -49 -49 -51 -49 -49 -52 -51 -50 -45 -46 -46 -42 -45 -40 -43 -40 -37 -39 -37 -36 -44 -41 -39 -40 -37 -37 -39 -46 -49 -47 -54 -50 -51 -44 -52 -52 -50 -45 -39 -39 -39 -38 -42 -42 -42 -43 -44 -47 -47 -51 -44 -50 -51 -49 -41 -39 -49 -49 -49 -45 -45 -49
-26 -29 -28 -29 -30 -32 -30 -33 -33 -34 -32 -33 -30 -31 -31 -33 -33 -35 -36 -35 -37 -38 -38 -40 -45 -44 -41 -43 -39 -42 -44 -43 -51 -51 -48 -45 -47 -49 -46 -45 -46 -44 -42 -46 -40 -44 -37 -39 -36 -36 -37 -45 -43 -39 -40 -40 -40 -43 -38 -39 -39 -50 -45 -45 -49 -41 -47 -41 -42 -43 -44 -42 -42 -42 -39 -43 -45 -52 -51 -42 -48 -46 -52 -52 -49 -47 -48 -44 -46 -44 -46 -52 -55 -54
-29 -31 -29 -27 -31 -31 -28 -31 -31 -30 -32 -34 -33 -32 -34 -34 -35 -36 -34 -34 -36 -36 -39 -39 -41 -40 -42 -41 -42 -42 -44 -45 -48 -49 -46 -45 -43 -46 -45 -44 -41 -40 -43 -41 -43 -43 -38 -36 -39 -44 -44 -41 -40 -39 -43 -44 -39 -43 -39 -45 -41 -44 -45 -42 -44 -39 -38 -38 -51 -42 -44 -49 -46 -41 -50 -40 -42 -43 -46 -44 -43 -44 -51 -48 -48 -41 -44 -39 -42 -48 -51 -53 -57 -55
-31 -30 -29 -29 -30 -29 -27 -32 -31 -32 -34 -33 -32 -34 -35 -36 -34 -37 -37 -39 -38 -38 -40 -39 -39 -41 -41 -44 -44 -43 -44 -45 -46 -46 -44 -47 -44 -44 -45 -44 -46 -44 -44 -43 -41 -41 -38 -38 -41 -46 -43 -43 -39 -42 -44 -43 -41 -43 -42 -50 -40 -40 -43 -47 -41 -50 -47 -53 -54 -54 -45 -51 -55 -47 -48 -52 -41 -43 -44 -41 -50 -50 -50 -43 -45 -40 -40 -41 -49 -45 -52 -52 -54 -51
-30 -28 -26 -28 -27 -27 -30 -30 -31 -32 -32 -30 -32 -34 -37 -35 -36 -37 -38 -39 -38 -39 -38 -40 -41 -41 -41 -42 -42 -42 -44 -45 -47 -48 -48 -46 -46 -43 -44 -46 -44 -44 -44 -40 -40 -39 -39 -43 -47 -45 -43 -41 -42 -47 -47 -48 -46 -41 -48 -42 -42 -50 -48 -46 -46 -46 -43 -51 -56 -58 -51 -59 -55 -54 -53 -53 -52 -48 -51 -46 -53 -52 -45 -42 -49 -41 -39 -46 -47 -45 -51 -44 -51 -53
-27 -26 -26 -25 -30 -31 -31 -31 -31 -31 -32 -29 -33 -33 -34 -33 -34 -37 -37 -36 -40 -41 -37 -39 -39 -41 -43 -41 -39 -39 -41 -41 -44 -47 -46 -44 -43 -45 -40 -43 -43 -44 -40 -39 -42 -39 -39 -41 -44 -50 -48 -46 -47 -44 -43 -41 -45 -43 -50 -45 -43 -43 -43 -43 -45 -42 -45 -46 -48 -57 -60 -55 -52 -48 -49 -49 -47 -48 -53 -54 -50 -46 -44 -42 -46 -38 -44 -46 -44 -49 -48 -43 -49 -50
-29 -25 -29 -28 -29 -28 -30 -28 -31 -31 -29 -30 -31 -33 -33 -34 -31 -35 -34 -38 -39 -38 -38 -37 -39 -40 -42 -43 -38 -40 -42 -40 -43 -47 -46 -43 -43 -39 -41 -40 -44 -39 -40 -42 -44 -39 -41 -45 -45 -51 -48 -47 -44 -46 -46 -46 -52 -47 -55 -49 -45 -46 -43 -42 -46 -44 -47 -45 -46 -55 -56 -59 -50 -49 -48 -46 -47 -51 -46 -49 -50 -49 -45 -44 -43 -45 -44 -46 -51 -50 -43 -48 -46 -52
-28 -28 -31 -32 -29 -28 -27 -31 -28 -32 -31 -31 -31 -32 -30 -34 -35 -36 -34 -35 -35 -35 -34 -38 -39 -41 -40 -38 -41 -38 -40 -39 -41 -42 -44 -43 -43 -45 -46 -43 -40 -40 -41 -41 -38 -40 -45 -47 -48 -50 -47 -48 -48 -47 -48 -55 -52 -53 -48 -44 -43 -43 -45 -46 -46 -45 -48 -53 -54 -58 -56 -54 -51 -50 -46 -46 -45 -46 -48 -50 -48 -45 -46 -46 -40 -45 -45 -49 -50 -50 -43 -47 -44 -47
-28 -29 -30 -27 -28 -31 -29 -28 -32 -31 -31 -31 -31 -30 -33 -32 -34 -33 -34 -35 -35 -35 -37 -37 -41 -39 -40 -43 -42 -34 -36 -39 -39 -40 -46 -47 -42 -47 -44 -43 -43 -45 -41 -42 -39 -39 -45 -46 -48 -49 -52 -51 -52 -51 -52 -53 -48 -45 -45 -53 -48 -44 -50 -43 -48 -52 -53 -57 -55 -58 -55 -52 -54 -51 -48 -44 -49 -45 -43 -49 -42 -42 -44 -41 -46 -49 -51 -53 -49 -51 -49 -46 -47 -49
-31 -30 -31 -30 -29 -28 -27 -30 -31 -33 -32 -30 -28 -31 -29 -32 -30 -31 -33 -33 -36 -37 -36 -38 -37 -37 -34 -39 -37 -37 -40 -36 -41 -42 -46 -45 -47 -46 -45 -46 -44 -44 -43 -41 -42 -44 -45 -43 -48 -51 -48 -50 -53 -52 -55 -48 -45 -50 -51 -48 -47 -46 -54 -46 -47 -48 -54 -56 -52 -52 -54 -49 -55 -50 -48 -43 -48 -46 -44 -47 -43 -46 -43 -44 -48 -49 -52 -49 -51 -50 -46 -43 -50 -48
-31 -31 -27 -29 -29 -28 -29 -29 -30 -29 -30 -27 -32 -32 -31 -31 -29 -34 -36 -33 -35 -41 -37 -34 -36 -39 -36 -38 -37 -33 -36 -43 -44 -40 -37 -37 -45 -42 -43 -46 -45 -46 -43 -40 -45 -44 -44 -46 -47 -46 -50 -51 -52 -49 -48 -47 -52 -58 -48 -50 -48 -51 -49 -49 -54 -47 -50 -57 -54 -54 -52 -49 -48 -46 -44 -48 -42 -43 -42 -43 -45 -47 -43 -46 -48 -50 -52 -50 -47 -48 -47 -48 -50 -47
-30 -31 -28 -26 -26 -27 -27 -28 -29 -29 -31 -27 -35 -33 -35 -33 -34 -36 -29 -32 -36 -36 -35 -35 -36 -35 -36 -37 -33 -37 -39 -37 -38 -35 -37 -43 -43 -43 -45 -42 -41 -43 -44 -39 -42 -42 -42 -44 -43 -45 -51 -50 -49 -50 -48 -49 -49 -52 -48 -53 -53 -51 -56 -49 -52 -49 -51 -52 -55 -54 -52 -48 -47 -47 -47 -50 -50 -51 -44 -44 -43 -44 -42 -49 -47 -54 -49 -49 -46 -45 -48 -44 -51 -47
-27 -28 -29 -29 -25 -27 -28 -27 -27 -30 -29 -30 -33 -34 -33 -27 -27 -34 -35 -31 -36 -34 -35 -36 -35 -31 -34 -36 -34 -37 -33 -32 -33 -38 -40 -43 -44 -45 -42 -41 -41 -43 -41 -41 -39 -43 -46 -47 -46 -46 -49 -50 -51 -49 -46 -47 -53 -52 -53 -48 -50 -54 -53 -53 -53 -48 -48 -55 -55 -53 -52 -52 -52 -51 -52 -51 -51 -46 -44 -45 -44 -44 -43 -46 -44 -49 -47 -46 -48 -44 -44 -44 -46 -44
-28 -29 -26 -27 -25 -27 -27 -26 -29 -29 -29 -30 -32 -32 -31 -26 -31 -32 -33 -32 -31 -33 -36 -32 -32 -32 -32 -35 -32 -32 -42 -34 -37 -39 -38 -40 -45 -43 -44 -46 -44 -41 -42 -42 -42 -45 -45 -45 -41 -47 -47 -48 -47 -43 -45 -55 -53 -52 -50 -50 -53 -47 -47 -51 -52 -54 -52 -57 -58 -55 -53 -51 -51 -49 -50 -51 -51 -48 -46 -46 -47 -45 -46 -45 -43 -45 -42 -43 -43 -48 -45 -42 -48 -45
-26 -28 -28 -25 -26 -29 -29 -28 -32 -29 -30 -33 -31 -29 -28 -26 -30 -31 -30 -33 -34 -34 -38 -36 -32 -31 -30 -30 -31 -31 -38 -39 -40 -41 -42 -44 -44 -47 -45 -43 -42 -41 -45 -43 -42 -44 -45 -44 -47 -43 -46 -44 -42 -42 -43 -46 -45 -47 -49 -51 -52 -48 -50 -44 -51 -47 -53 -56 -57 -54 -54 -51 -54 -47 -51 -50 -50 -50 -48 -47 -49 -48 -49 -49 -47 -43 -42 -47 -46 -42 -49 -42 -48 -54
