analysis/data/raw_data/dwd_gridded/monthly_air_temperature_min_01_Jan_grids_germany_monthly_air_temp_min_190701.asc
NCOLS 654
NROWS 866
XLLCORNER 3280414.711633467
YLLCORNER 5237500.62890625
CELLSIZE 1000
NODATA_VALUE -999
[rows 504 to 545 of 866, columns 95 to 189 of 654]
-14 -14 -14 -6 -6 -6 -9 -11 -12 -16 -17 -16 -7 -14 -18 -19 -18 -19 -19 -19 -18 -20 -22 -20 -20 -17 -21 -20 -20 -19 -20 -19 -21 -20 -19 -20 -21 -22 -23 -24 -25 -28 -31 -31 -32 -31 -30 -29 -29 -28 -32 -31 -35 -33 -31 -31 -24 -24 -27 -28 -28 -31 -31 -30 -30 -27 -28 -27 -24 -23 -22 -22 -24 -20 -21 -22 -24 -22 -27 -25 -21 -24 -20 -22 -24 -27 -25 -23 -24 -25 -27 -28 -25 -24 -24
-13 -11 -9 -10 -6 -6 -12 -10 -15 -18 -14 -13 -15 -7 -16 -16 -15 -18 -17 -18 -17 -19 -20 -20 -17 -17 -18 -21 -21 -18 -25 -18 -17 -19 -22 -22 -21 -21 -23 -25 -26 -27 -27 -31 -30 -30 -29 -30 -29 -30 -29 -28 -31 -29 -28 -25 -24 -23 -24 -27 -27 -28 -27 -28 -28 -26 -26 -26 -29 -30 -27 -22 -21 -20 -24 -27 -27 -25 -23 -25 -21 -22 -20 -25 -25 -25 -24 -25 -24 -24 -25 -26 -26 -24 -23
-15 -13 -14 -14 -7 -5 -7 -9 -15 -16 -18 -17 -11 -9 -9 -9 -12 -15 -15 -19 -12 -18 -21 -17 -16 -17 -18 -20 -21 -19 -17 -17 -19 -21 -23 -21 -22 -23 -25 -26 -25 -24 -28 -27 -27 -27 -27 -26 -27 -29 -26 -24 -28 -25 -24 -21 -21 -22 -24 -26 -26 -27 -28 -26 -27 -26 -28 -28 -30 -30 -27 -23 -22 -23 -24 -24 -27 -28 -25 -26 -25 -25 -24 -23 -24 -23 -24 -26 -24 -26 -26 -27 -25 -25 -25
-12 -10 -14 -8 -13 -10 -6 -16 -11 -18 -17 -14 -14 -15 -15 -9 -9 -9 -15 -15 -18 -20 -19 -18 -18 -19 -19 -19 -19 -17 -16 -18 -19 -23 -23 -22 -23 -24 -24 -25 -24 -25 -24 -26 -26 -27 -26 -26 -25 -27 -23 -23 -22 -21 -21 -21 -21 -21 -23 -28 -25 -25 -24 -25 -26 -27 -26 -26 -28 -28 -25 -23 -23 -21 -23 -25 -27 -28 -27 -25 -23 -27 -25 -22 -23 -25 -25 -26 -24 -26 -27 -25 -24 -25 -25
-15 -15 -14 -15 -11 -8 -6 -7 -14 -11 -13 -18 -15 -14 -14 -12 -9 -9 -10 -18 -21 -19 -18 -16 -17 -11 -18 -17 -18 -20 -21 -22 -24 -24 -25 -24 -24 -23 -24 -24 -23 -23 -23 -24 -24 -26 -26 -26 -25 -26 -26 -25 -24 -22 -20 -21 -21 -20 -26 -30 -26 -26 -25 -27 -25 -25 -26 -26 -28 -28 -26 -23 -21 -23 -24 -26 -25 -27 -27 -26 -24 -27 -24 -25 -22 -25 -26 -26 -25 -26 -27 -27 -25 -26 -24
-17 -17 -16 -15 -7 -15 -13 -4 -12 -7 -15 -17 -16 -13 -9 -8 -7 -7 -8 -13 -18 -20 -20 -18 -16 -19 -21 -19 -21 -22 -22 -21 -22 -23 -23 -24 -25 -23 -22 -21 -22 -22 -22 -22 -24 -26 -26 -25 -25 -26 -27 -30 -26 -23 -22 -19 -19 -21 -24 -27 -26 -26 -26 -25 -25 -23 -26 -26 -26 -26 -21 -22 -20 -24 -25 -25 -27 -28 -29 -26 -27 -27 -25 -22 -22 -25 -24 -25 -27 -27 -27 -27 -27 -26 -27
-14 -13 -10 -9 -16 -14 -17 -4 -4 -12 -15 -14 -11 -11 -7 -4 -5 -8 -10 -10 -11 -13 -18 -14 -20 -20 -19 -20 -21 -20 -18 -21 -22 -22 -22 -22 -24 -24 -23 -22 -22 -21 -22 -21 -24 -25 -25 -26 -25 -24 -26 -26 -25 -23 -22 -20 -18 -20 -22 -22 -25 -24 -25 -24 -25 -25 -23 -25 -26 -29 -22 -23 -23 -22 -23 -25 -26 -25 -29 -28 -25 -28 -25 -26 -24 -25 -25 -25 -25 -27 -29 -30 -29 -27 -25
-17 -13 -16 -14 -15 -13 -16 -7 -4 -4 -11 -11 -6 -6 -6 -4 -6 -6 -6 -8 -9 -10 -14 -10 -17 -19 -18 -20 -20 -17 -22 -23 -25 -24 -24 -24 -24 -25 -22 -21 -21 -22 -21 -21 -22 -23 -24 -24 -24 -25 -24 -25 -24 -23 -20 -20 -19 -20 -21 -22 -24 -24 -24 -24 -23 -23 -21 -24 -26 -26 -22 -23 -26 -23 -22 -23 -25 -24 -25 -24 -26 -25 -26 -26 -26 -22 -25 -25 -26 -29 -30 -28 -28 -27 -25
-16 -18 -16 -18 -15 -13 -17 -17 -13 -11 -4 -4 -4 -4 -6 -6 -6 -6 -5 -6 -8 -8 -11 -9 -14 -14 -16 -13 -18 -22 -19 -21 -23 -25 -26 -27 -26 -26 -23 -22 -22 -21 -21 -21 -23 -24 -23 -22 -23 -24 -23 -24 -24 -24 -22 -21 -20 -20 -22 -22 -24 -24 -23 -27 -24 -22 -22 -23 -24 -24 -23 -21 -24 -25 -24 -26 -26 -25 -22 -25 -24 -25 -27 -28 -26 -23 -24 -26 -26 -26 -29 -27 -27 -27 -27
-20 -24 -19 -20 -17 -17 -18 -14 -11 -9 -5 -4 -4 -4 -4 -6 -6 -5 -6 -6 -7 -8 -8 -10 -14 -17 -18 -19 -20 -17 -20 -22 -22 -25 -27 -30 -27 -27 -23 -22 -21 -20 -22 -21 -21 -22 -22 -22 -24 -25 -23 -21 -24 -24 -22 -20 -18 -21 -22 -23 -23 -22 -23 -23 -25 -22 -22 -25 -26 -24 -24 -21 -24 -25 -24 -26 -27 -25 -26 -23 -25 -26 -26 -30 -30 -25 -23 -25 -27 -28 -30 -30 -30 -28 -29
-22 -18 -18 -19 -18 -19 -16 -12 -11 -9 -6 -6 -4 -5 -5 -5 -5 -5 -6 -6 -7 -7 -7 -10 -14 -14 -15 -16 -17 -18 -19 -19 -25 -27 -30 -33 -30 -28 -23 -21 -21 -21 -19 -21 -19 -21 -23 -23 -23 -20 -22 -21 -23 -23 -22 -19 -18 -21 -20 -21 -21 -20 -22 -22 -23 -20 -23 -24 -25 -25 -24 -21 -22 -24 -24 -26 -27 -29 -28 -25 -24 -26 -27 -30 -30 -27 -26 -25 -25 -26 -27 -28 -32 -33 -29
-21 -18 -18 -23 -17 -15 -14 -12 -12 -12 -10 -7 -5 -6 -6 -5 -6 -6 -6 -6 -7 -7 -7 -8 -14 -15 -15 -14 -19 -18 -16 -19 -24 -29 -32 -32 -28 -26 -23 -22 -22 -21 -19 -20 -19 -24 -25 -25 -24 -23 -20 -20 -19 -18 -19 -20 -18 -21 -21 -21 -19 -20 -20 -23 -22 -23 -22 -24 -25 -24 -24 -21 -25 -23 -26 -26 -26 -28 -26 -24 -23 -26 -28 -28 -29 -30 -30 -29 -27 -26 -26 -28 -30 -32 -32
-19 -18 -20 -27 -21 -16 -12 -11 -10 -11 -10 -7 -6 -7 -7 -6 -6 -6 -6 -7 -7 -7 -7 -8 -10 -14 -15 -13 -15 -17 -18 -21 -26 -25 -26 -27 -29 -27 -24 -23 -21 -21 -23 -23 -21 -23 -23 -24 -24 -23 -23 -24 -23 -20 -18 -17 -17 -19 -21 -21 -17 -17 -17 -21 -20 -22 -21 -22 -21 -22 -24 -20 -27 -24 -27 -28 -30 -28 -27 -24 -27 -23 -28 -28 -29 -31 -31 -30 -29 -30 -30 -29 -27 -29 -31
-21 -19 -20 -17 -14 -12 -11 -10 -9 -8 -8 -8 -7 -9 -10 -7 -6 -6 -6 -7 -7 -7 -7 -8 -8 -8 -11 -12 -15 -17 -14 -17 -24 -20 -26 -26 -27 -26 -22 -22 -21 -26 -24 -23 -22 -22 -21 -24 -24 -23 -21 -21 -21 -21 -20 -18 -17 -19 -20 -20 -17 -18 -17 -20 -18 -21 -20 -19 -19 -21 -21 -19 -25 -27 -27 -28 -28 -26 -28 -28 -28 -24 -26 -31 -31 -32 -32 -31 -28 -28 -29 -32 -32 -35 -36
-21 -18 -17 -16 -14 -13 -10 -10 -10 -9 -8 -7 -9 -12 -10 -10 -7 -8 -7 -7 -7 -7 -8 -8 -8 -8 -12 -14 -17 -16 -20 -23 -18 -23 -25 -25 -23 -22 -26 -25 -24 -24 -25 -24 -22 -19 -23 -24 -26 -25 -23 -20 -19 -21 -20 -18 -16 -16 -18 -19 -17 -17 -19 -20 -20 -17 -21 -21 -21 -20 -19 -21 -20 -26 -26 -28 -27 -25 -30 -27 -25 -27 -30 -28 -31 -33 -30 -33 -31 -31 -31 -30 -33 -34 -32
-20 -18 -17 -14 -14 -12 -11 -16 -13 -10 -11 -9 -11 -14 -11 -14 -12 -8 -13 -12 -11 -9 -9 -8 -8 -8 -9 -13 -15 -17 -20 -22 -23 -21 -19 -20 -21 -26 -29 -27 -25 -27 -23 -22 -20 -17 -21 -23 -26 -26 -22 -21 -19 -15 -17 -16 -16 -16 -16 -18 -19 -18 -17 -20 -20 -20 -20 -19 -21 -23 -23 -24 -25 -26 -26 -28 -29 -30 -28 -28 -28 -26 -27 -30 -26 -29 -29 -30 -31 -34 -36 -35 -32 -31 -33
-18 -16 -16 -14 -13 -12 -12 -13 -14 -10 -14 -13 -11 -14 -14 -14 -10 -12 -13 -12 -10 -9 -9 -9 -9 -8 -11 -15 -13 -18 -19 -22 -23 -24 -21 -19 -20 -29 -30 -26 -26 -25 -24 -22 -17 -21 -27 -25 -23 -23 -23 -20 -17 -15 -18 -16 -17 -17 -18 -18 -20 -20 -19 -20 -21 -20 -21 -21 -24 -24 -23 -26 -26 -27 -27 -29 -27 -28 -29 -26 -27 -24 -27 -28 -27 -30 -29 -29 -32 -35 -36 -33 -29 -30 -28
-19 -14 -13 -13 -12 -12 -12 -15 -12 -13 -15 -15 -14 -15 -15 -12 -14 -13 -12 -12 -13 -10 -8 -8 -9 -8 -12 -15 -16 -21 -21 -21 -24 -22 -16 -24 -27 -30 -29 -26 -28 -27 -25 -24 -17 -24 -26 -25 -23 -22 -22 -19 -17 -15 -15 -16 -18 -19 -19 -19 -20 -20 -19 -19 -22 -22 -22 -22 -23 -21 -24 -22 -25 -26 -26 -26 -29 -29 -31 -31 -28 -26 -27 -30 -31 -29 -31 -33 -31 -32 -33 -31 -32 -26 -28
-15 -15 -14 -15 -14 -13 -13 -16 -12 -13 -15 -15 -15 -17 -14 -15 -14 -15 -14 -14 -14 -12 -9 -9 -9 -9 -12 -15 -17 -20 -21 -19 -23 -19 -20 -26 -26 -24 -28 -30 -27 -28 -25 -22 -17 -25 -24 -24 -21 -22 -20 -20 -18 -18 -19 -17 -17 -20 -20 -20 -20 -19 -20 -20 -18 -18 -20 -21 -21 -22 -23 -26 -26 -27 -29 -30 -32 -33 -31 -27 -27 -27 -30 -29 -31 -32 -32 -33 -35 -34 -31 -31 -31 -29 -24
-16 -17 -18 -16 -15 -14 -15 -15 -15 -15 -16 -18 -21 -19 -17 -18 -16 -16 -15 -14 -13 -8 -11 -13 -9 -11 -15 -16 -20 -22 -22 -19 -20 -16 -19 -28 -17 -26 -27 -26 -28 -23 -21 -20 -23 -23 -24 -21 -15 -16 -21 -20 -21 -20 -20 -18 -16 -19 -19 -21 -21 -21 -23 -21 -18 -21 -19 -20 -22 -23 -23 -25 -27 -25 -30 -33 -33 -34 -34 -32 -28 -31 -28 -30 -32 -31 -31 -34 -34 -34 -32 -28 -29 -28 -25
-18 -17 -18 -18 -15 -15 -16 -13 -18 -18 -18 -21 -21 -19 -20 -17 -17 -16 -17 -14 -12 -8 -12 -11 -9 -11 -16 -20 -20 -19 -10 -14 -15 -18 -26 -25 -15 -24 -25 -24 -27 -27 -25 -15 -26 -22 -21 -16 -19 -20 -16 -18 -23 -23 -19 -19 -17 -16 -19 -24 -22 -21 -21 -19 -20 -19 -22 -22 -20 -22 -23 -22 -25 -26 -30 -32 -35 -36 -35 -33 -27 -32 -31 -30 -30 -33 -33 -33 -32 -31 -31 -29 -27 -26 -30
-20 -16 -18 -17 -15 -15 -15 -17 -17 -19 -19 -20 -20 -18 -19 -17 -12 -20 -16 -14 -11 -9 -10 -13 -9 -12 -19 -21 -21 -11 -17 -16 -11 -11 -11 -17 -18 -27 -25 -21 -26 -26 -19 -21 -25 -20 -16 -19 -20 -19 -22 -22 -23 -24 -23 -19 -19 -16 -20 -19 -21 -20 -21 -22 -21 -19 -20 -23 -22 -20 -22 -21 -24 -24 -26 -31 -37 -34 -33 -31 -28 -28 -32 -31 -30 -31 -32 -33 -31 -30 -29 -29 -28 -26 -29
-19 -22 -20 -18 -17 -15 -16 -15 -19 -19 -18 -18 -17 -16 -17 -10 -9 -16 -16 -11 -10 -17 -17 -14 -9 -12 -19 -19 -20 -13 -16 -21 -22 -15 -14 -12 -14 -25 -20 -20 -21 -21 -16 -21 -17 -23 -18 -20 -15 -20 -22 -24 -24 -26 -23 -20 -20 -18 -16 -19 -20 -21 -22 -20 -21 -19 -19 -21 -24 -22 -20 -23 -26 -28 -28 -34 -37 -35 -34 -33 -36 -36 -35 -35 -31 -33 -32 -34 -33 -33 -31 -29 -27 -29 -30
-21 -22 -22 -18 -16 -16 -17 -16 -17 -17 -18 -17 -18 -16 -9 -12 -16 -10 -9 -15 -21 -21 -24 -13 -9 -12 -11 -10 -13 -17 -20 -23 -21 -18 -18 -23 -25 -15 -13 -15 -19 -16 -16 -18 -22 -20 -16 -21 -18 -19 -17 -22 -22 -25 -27 -22 -19 -18 -17 -19 -19 -20 -23 -22 -21 -20 -21 -20 -23 -24 -22 -23 -25 -26 -28 -30 -33 -38 -35 -37 -36 -36 -32 -34 -37 -34 -36 -34 -31 -32 -29 -29 -31 -30 -31
-23 -20 -19 -17 -16 -16 -17 -17 -17 -15 -18 -16 -15 -11 -13 -15 -17 -16 -16 -18 -19 -22 -23 -22 -9 -10 -14 -18 -14 -15 -17 -22 -24 -21 -24 -22 -20 -18 -15 -21 -18 -13 -19 -16 -23 -24 -21 -23 -20 -18 -23 -23 -23 -27 -27 -22 -19 -19 -18 -20 -21 -23 -23 -22 -21 -22 -23 -24 -20 -23 -24 -22 -25 -28 -25 -27 -31 -34 -37 -39 -37 -35 -38 -36 -32 -34 -36 -35 -32 -31 -31 -32 -32 -32 -32
-23 -22 -19 -17 -16 -16 -17 -14 -13 -14 -15 -13 -13 -13 -13 -12 -13 -18 -20 -15 -19 -20 -22 -19 -15 -9 -11 -17 -16 -21 -23 -20 -21 -27 -23 -25 -23 -20 -20 -17 -22 -19 -21 -20 -22 -24 -26 -23 -24 -21 -23 -22 -26 -27 -29 -23 -21 -18 -20 -22 -22 -22 -24 -22 -23 -25 -23 -25 -24 -23 -25 -23 -24 -25 -30 -29 -29 -32 -37 -36 -40 -38 -41 -36 -36 -34 -35 -37 -35 -33 -33 -32 -33 -30 -30
-24 -23 -18 -16 -15 -15 -14 -13 -13 -13 -13 -14 -13 -14 -10 -18 -20 -20 -21 -17 -18 -22 -24 -20 -16 -12 -10 -15 -19 -20 -19 -20 -24 -24 -26 -27 -25 -23 -21 -17 -23 -22 -21 -20 -22 -17 -23 -24 -25 -23 -23 -24 -26 -27 -25 -23 -21 -20 -19 -22 -24 -24 -26 -25 -25 -26 -25 -25 -21 -24 -26 -23 -24 -26 -27 -30 -32 -34 -35 -36 -41 -41 -41 -43 -46 -44 -37 -41 -38 -35 -35 -33 -31 -30 -30
-23 -22 -20 -16 -15 -14 -14 -13 -13 -15 -18 -18 -18 -18 -10 -21 -23 -22 -24 -23 -23 -22 -17 -16 -17 -14 -11 -10 -13 -18 -21 -18 -21 -22 -27 -25 -25 -25 -20 -19 -22 -23 -21 -20 -20 -25 -20 -25 -25 -24 -24 -24 -23 -25 -25 -23 -21 -18 -21 -18 -25 -26 -26 -27 -26 -26 -25 -23 -21 -20 -26 -24 -24 -25 -28 -32 -35 -37 -39 -40 -45 -45 -46 -44 -45 -42 -39 -42 -40 -38 -36 -34 -32 -32 -30
-18 -23 -22 -17 -17 -16 -15 -14 -17 -19 -18 -18 -18 -17 -14 -21 -19 -23 -24 -26 -26 -23 -20 -17 -14 -13 -14 -11 -12 -20 -24 -22 -25 -26 -25 -23 -23 -23 -22 -21 -20 -22 -21 -19 -18 -22 -24 -21 -24 -21 -23 -23 -24 -25 -25 -25 -23 -18 -25 -23 -20 -22 -24 -27 -26 -26 -23 -23 -23 -23 -24 -24 -25 -25 -26 -32 -33 -33 -37 -40 -41 -47 -44 -43 -43 -45 -46 -42 -44 -39 -37 -37 -36 -35 -36
-22 -20 -22 -20 -17 -16 -15 -16 -19 -18 -19 -19 -17 -9 -15 -25 -24 -22 -19 -27 -26 -25 -24 -19 -19 -18 -17 -17 -10 -16 -17 -19 -25 -26 -25 -24 -22 -20 -26 -21 -23 -22 -24 -21 -22 -21 -25 -26 -25 -28 -25 -24 -24 -25 -26 -22 -22 -20 -22 -25 -24 -25 -24 -23 -25 -27 -26 -25 -24 -24 -22 -25 -26 -26 -26 -29 -35 -35 -39 -38 -41 -43 -49 -48 -43 -43 -48 -46 -47 -41 -41 -43 -42 -36 -33
-23 -22 -18 -19 -18 -17 -17 -19 -20 -19 -17 -19 -19 -12 -13 -19 -23 -26 -27 -26 -21 -20 -20 -11 -10 -10 -8 -10 -11 -22 -24 -20 -24 -26 -25 -24 -22 -20 -19 -20 -20 -23 -24 -24 -24 -22 -22 -24 -29 -27 -24 -26 -24 -23 -25 -25 -22 -17 -22 -24 -24 -23 -25 -26 -27 -28 -29 -27 -25 -25 -24 -24 -26 -27 -28 -28 -30 -35 -35 -37 -37 -43 -51 -46 -49 -48 -50 -52 -50 -47 -43 -46 -42 -32 -29
-23 -22 -21 -17 -18 -16 -18 -20 -20 -19 -17 -19 -19 -10 -25 -19 -21 -23 -27 -23 -23 -13 -13 -11 -17 -17 -15 -15 -20 -20 -20 -25 -27 -26 -23 -21 -20 -20 -20 -18 -21 -23 -21 -23 -26 -23 -23 -28 -28 -27 -27 -27 -25 -23 -23 -26 -24 -21 -20 -20 -20 -24 -26 -27 -27 -25 -27 -27 -26 -25 -25 -23 -27 -27 -29 -29 -33 -38 -39 -40 -43 -43 -50 -48 -54 -56 -56 -54 -54 -51 -45 -41 -35 -30 -27
-19 -19 -19 -18 -14 -16 -18 -21 -21 -20 -16 -11 -14 -10 -19 -20 -25 -24 -26 -24 -17 -22 -20 -12 -10 -10 -20 -21 -22 -24 -26 -28 -25 -26 -25 -22 -24 -23 -21 -20 -18 -20 -24 -25 -25 -25 -21 -26 -28 -29 -28 -25 -25 -27 -24 -25 -23 -18 -22 -24 -23 -25 -24 -23 -24 -26 -27 -29 -27 -22 -27 -24 -26 -28 -30 -29 -33 -38 -41 -40 -42 -44 -47 -53 -54 -59 -61 -54 -51 -47 -45 -37 -32 -29 -26
-21 -20 -17 -18 -17 -17 -19 -20 -20 -18 -12 -19 -17 -15 -20 -18 -21 -24 -23 -24 -21 -23 -22 -19 -14 -17 -13 -22 -25 -24 -23 -25 -21 -25 -25 -25 -23 -21 -20 -19 -20 -19 -23 -23 -25 -26 -26 -24 -26 -30 -28 -29 -28 -27 -25 -23 -18 -20 -20 -24 -25 -21 -23 -26 -23 -28 -27 -29 -27 -23 -30 -24 -25 -29 -31 -31 -31 -34 -38 -40 -42 -44 -48 -53 -57 -63 -59 -52 -46 -42 -43 -36 -31 -28 -25
-22 -19 -19 -21 -19 -13 -18 -20 -20 -13 -19 -19 -20 -16 -19 -22 -23 -21 -23 -25 -25 -26 -26 -23 -19 -17 -10 -15 -21 -24 -20 -20 -20 -25 -25 -25 -23 -22 -20 -23 -21 -19 -21 -24 -26 -24 -27 -26 -29 -32 -31 -29 -26 -25 -27 -22 -24 -24 -23 -23 -24 -24 -24 -28 -28 -28 -27 -29 -25 -26 -26 -25 -24 -26 -28 -31 -31 -33 -37 -38 -41 -44 -52 -53 -58 -61 -56 -52 -53 -48 -37 -35 -30 -28 -24
-16 -19 -15 -20 -20 -14 -20 -15 -11 -19 -14 -16 -19 -20 -13 -20 -23 -24 -24 -22 -25 -26 -28 -25 -26 -16 -13 -10 -23 -23 -22 -18 -17 -20 -24 -23 -24 -23 -22 -25 -22 -21 -22 -23 -22 -26 -27 -27 -31 -32 -32 -29 -27 -28 -28 -20 -25 -27 -24 -23 -24 -24 -23 -24 -23 -23 -26 -29 -29 -29 -26 -25 -24 -27 -30 -32 -32 -32 -33 -38 -43 -43 -48 -53 -55 -55 -55 -60 -51 -42 -38 -34 -30 -26 -24
-21 -18 -19 -15 -11 -19 -20 -12 -15 -22 -14 -12 -20 -23 -21 -21 -22 -21 -21 -22 -24 -24 -27 -30 -28 -23 -18 -16 -21 -22 -20 -19 -17 -20 -22 -22 -25 -25 -24 -24 -25 -21 -21 -23 -25 -25 -26 -25 -27 -30 -32 -31 -27 -30 -26 -22 -21 -25 -25 -23 -22 -25 -26 -23 -26 -25 -26 -32 -27 -26 -26 -26 -25 -27 -29 -34 -32 -33 -32 -38 -40 -43 -42 -47 -50 -52 -46 -51 -46 -41 -36 -33 -29 -25 -23
-20 -17 -20 -11 -19 -11 -13 -16 -23 -18 -19 -19 -19 -20 -19 -17 -18 -19 -22 -24 -25 -26 -28 -28 -31 -28 -21 -17 -17 -21 -21 -19 -20 -19 -19 -24 -23 -26 -25 -26 -25 -23 -24 -22 -23 -25 -25 -25 -26 -28 -32 -31 -30 -28 -28 -25 -27 -20 -23 -23 -23 -24 -26 -26 -28 -25 -26 -30 -30 -32 -28 -28 -25 -28 -30 -31 -36 -33 -31 -34 -39 -39 -44 -49 -49 -50 -43 -44 -41 -36 -34 -30 -28 -25 -22
-12 -12 -11 -14 -20 -21 -20 -22 -19 -23 -21 -21 -19 -21 -21 -20 -22 -25 -20 -26 -24 -28 -27 -29 -30 -27 -19 -13 -11 -17 -19 -14 -21 -19 -19 -20 -25 -24 -23 -26 -26 -24 -25 -24 -22 -26 -25 -28 -29 -31 -32 -34 -32 -31 -28 -26 -26 -24 -26 -25 -25 -23 -27 -29 -29 -30 -27 -28 -28 -30 -31 -32 -26 -26 -28 -35 -36 -35 -32 -35 -36 -39 -46 -43 -42 -39 -41 -39 -36 -32 -30 -28 -26 -23 -20
-20 -20 -12 -15 -24 -24 -18 -18 -22 -25 -21 -20 -19 -23 -23 -22 -26 -26 -24 -25 -25 -29 -28 -29 -31 -30 -21 -19 -20 -12 -11 -11 -20 -14 -19 -21 -22 -21 -21 -25 -25 -27 -24 -23 -24 -26 -28 -28 -29 -31 -30 -29 -34 -33 -33 -27 -25 -21 -21 -27 -25 -27 -28 -26 -29 -27 -25 -28 -26 -28 -31 -27 -28 -26 -25 -29 -32 -30 -29 -29 -38 -38 -36 -37 -36 -36 -36 -40 -34 -29 -28 -26 -23 -22 -20
-21 -14 -22 -19 -22 -22 -19 -17 -20 -23 -21 -23 -14 -19 -24 -26 -26 -26 -27 -27 -27 -29 -20 -30 -32 -30 -28 -23 -22 -20 -18 -17 -13 -13 -16 -16 -18 -24 -25 -23 -26 -29 -27 -26 -25 -28 -29 -31 -32 -28 -29 -28 -30 -33 -33 -33 -30 -26 -20 -24 -27 -29 -29 -26 -27 -26 -24 -24 -26 -28 -30 -30 -33 -32 -24 -24 -27 -28 -31 -30 -36 -41 -32 -32 -35 -34 -33 -35 -32 -29 -27 -24 -21 -20 -19
-22 -19 -22 -16 -19 -20 -23 -16 -23 -24 -24 -23 -20 -22 -23 -26 -24 -26 -27 -26 -27 -29 -30 -30 -29 -26 -24 -23 -18 -20 -20 -13 -13 -13 -19 -21 -21 -22 -25 -23 -25 -29 -28 -26 -25 -29 -30 -31 -29 -28 -28 -28 -32 -33 -31 -32 -25 -23 -23 -26 -25 -27 -28 -26 -25 -24 -23 -23 -26 -30 -33 -31 -28 -26 -23 -23 -25 -27 -28 -26 -30 -34 -31 -29 -32 -31 -31 -30 -30 -27 -24 -21 -20 -19 -17
