analysis/data/raw_data/dwd_gridded/monthly_air_temperature_min_01_Jan_grids_germany_monthly_air_temp_min_190101.asc_3
NCOLS 654
NROWS 866
XLLCORNER 3280414.711633467
YLLCORNER 5237500.62890625
CELLSIZE 1000
NODATA_VALUE -999
[rows 410 to 450 of 866, columns 376 to 469 of 654]
-83 -83 -82 -82 -81 -81 -81 -81 -82 -83 -86 -86 -88 -88 -88 -88 -87 -85 -85 -84 -84 -82 -83 -83 -84 -83 -83 -83 -83 -83 -83 -83 -83 -81 -82 -81 -79 -80 -79 -78 -78 -79 -79 -80 -78 -77 -78 -77 -76 -76 -76 -76 -76 -76 -76 -76 -76 -76 -77 -77 -75 -76 -76 -76 -75 -75 -74 -74 -73 -73 -73 -72 -72 -72 -71 -71 -70 -70 -69 -69 -69 -68 -70 -70 -70 -71 -70 -70 -70 -70 -70 -70 -70 -70
-83 -83 -83 -83 -83 -83 -81 -82 -82 -82 -82 -84 -86 -87 -87 -87 -87 -87 -86 -85 -84 -84 -82 -83 -85 -85 -84 -84 -84 -83 -83 -83 -82 -82 -82 -81 -80 -80 -79 -79 -78 -79 -79 -79 -78 -78 -77 -77 -77 -77 -76 -76 -76 -76 -76 -76 -76 -76 -76 -75 -75 -75 -76 -75 -75 -75 -74 -73 -73 -73 -73 -72 -72 -72 -71 -71 -70 -70 -69 -68 -68 -69 -69 -70 -70 -70 -71 -70 -70 -70 -70 -70 -70 -70
-83 -83 -82 -82 -82 -82 -81 -82 -82 -82 -82 -82 -84 -87 -86 -88 -87 -86 -86 -84 -84 -83 -83 -81 -85 -85 -85 -85 -85 -84 -83 -83 -83 -82 -82 -82 -81 -80 -79 -79 -78 -79 -79 -78 -78 -78 -77 -77 -77 -77 -76 -76 -76 -76 -76 -76 -76 -76 -76 -76 -76 -75 -76 -75 -75 -75 -74 -73 -73 -73 -73 -72 -72 -72 -71 -70 -70 -70 -69 -68 -68 -69 -69 -70 -70 -70 -70 -70 -70 -70 -70 -70 -70 -70
-86 -86 -86 -84 -83 -83 -82 -81 -81 -82 -84 -83 -82 -83 -85 -86 -86 -90 -86 -84 -83 -83 -83 -81 -82 -85 -85 -85 -85 -85 -84 -83 -83 -83 -82 -82 -81 -81 -80 -79 -78 -79 -79 -78 -77 -77 -77 -77 -77 -77 -77 -77 -76 -76 -76 -76 -76 -76 -76 -76 -76 -76 -76 -75 -75 -75 -74 -74 -73 -73 -73 -72 -72 -72 -71 -71 -70 -70 -69 -69 -68 -69 -70 -71 -70 -70 -71 -71 -71 -70 -70 -70 -70 -70
-88 -87 -88 -85 -84 -83 -82 -82 -82 -82 -83 -83 -82 -82 -83 -86 -87 -85 -87 -85 -83 -81 -82 -80 -81 -82 -84 -85 -85 -84 -84 -84 -84 -83 -82 -82 -81 -81 -80 -81 -81 -78 -79 -78 -78 -77 -77 -77 -77 -77 -78 -78 -76 -76 -76 -76 -76 -76 -76 -77 -76 -76 -76 -76 -75 -75 -75 -74 -74 -73 -73 -73 -72 -72 -72 -71 -71 -70 -70 -69 -69 -69 -70 -71 -70 -71 -71 -71 -71 -71 -71 -70 -70 -70
-86 -89 -90 -88 -87 -87 -83 -82 -82 -82 -82 -82 -83 -83 -82 -82 -85 -86 -84 -87 -85 -84 -81 -81 -81 -81 -82 -82 -83 -85 -84 -84 -84 -83 -82 -82 -81 -82 -82 -82 -82 -80 -79 -79 -79 -79 -78 -78 -78 -78 -78 -78 -78 -77 -76 -76 -76 -76 -76 -76 -77 -77 -76 -76 -76 -75 -75 -74 -74 -74 -73 -73 -73 -73 -72 -72 -72 -71 -70 -70 -70 -71 -70 -71 -71 -71 -71 -72 -73 -72 -71 -71 -71 -70
-85 -87 -89 -92 -88 -88 -86 -84 -82 -83 -82 -82 -82 -82 -81 -82 -83 -86 -84 -84 -87 -84 -81 -81 -81 -81 -81 -81 -83 -85 -84 -84 -83 -83 -83 -82 -82 -82 -82 -82 -82 -81 -80 -79 -79 -79 -78 -78 -78 -78 -78 -78 -78 -78 -76 -76 -76 -76 -77 -77 -76 -77 -76 -76 -76 -76 -75 -74 -74 -74 -73 -73 -73 -73 -72 -72 -72 -72 -71 -70 -70 -71 -71 -72 -71 -71 -71 -72 -73 -73 -72 -71 -71 -70
-85 -87 -88 -91 -91 -91 -87 -88 -85 -84 -83 -82 -82 -82 -82 -82 -81 -83 -86 -86 -83 -86 -82 -84 -85 -83 -82 -81 -81 -85 -85 -84 -84 -84 -83 -82 -82 -82 -82 -82 -82 -82 -81 -79 -80 -79 -80 -79 -79 -79 -78 -78 -78 -78 -78 -77 -76 -76 -77 -77 -77 -77 -77 -76 -76 -76 -75 -74 -74 -74 -73 -73 -73 -73 -73 -72 -72 -72 -72 -71 -70 -70 -71 -71 -71 -71 -73 -73 -73 -73 -72 -71 -70 -70
-86 -87 -90 -91 -93 -89 -91 -89 -87 -86 -83 -82 -82 -82 -82 -82 -82 -82 -83 -82 -81 -81 -86 -85 -84 -82 -83 -81 -81 -82 -85 -85 -84 -84 -84 -84 -83 -82 -82 -81 -80 -79 -80 -79 -79 -79 -79 -80 -80 -79 -79 -78 -78 -78 -78 -76 -76 -77 -77 -77 -77 -77 -77 -76 -76 -75 -75 -75 -74 -74 -73 -73 -73 -73 -73 -73 -72 -72 -72 -71 -71 -71 -71 -72 -72 -72 -72 -73 -73 -73 -72 -72 -71 -71
-86 -86 -88 -90 -92 -93 -93 -89 -88 -89 -84 -85 -83 -82 -82 -82 -83 -83 -85 -88 -85 -85 -87 -86 -83 -84 -83 -81 -81 -82 -85 -85 -85 -85 -84 -84 -84 -83 -82 -82 -80 -81 -80 -80 -79 -78 -80 -80 -80 -80 -79 -78 -78 -78 -78 -76 -77 -77 -77 -77 -77 -77 -77 -76 -76 -76 -75 -74 -74 -74 -73 -73 -73 -73 -73 -73 -73 -73 -72 -72 -72 -71 -71 -72 -72 -71 -72 -72 -72 -72 -72 -72 -72 -71
-88 -89 -88 -90 -91 -95 -93 -90 -92 -90 -89 -86 -86 -82 -82 -82 -83 -85 -85 -87 -88 -86 -86 -84 -85 -85 -81 -82 -82 -81 -85 -85 -85 -85 -85 -84 -84 -84 -83 -82 -80 -80 -80 -80 -80 -80 -81 -81 -80 -80 -78 -78 -78 -78 -77 -76 -77 -77 -77 -77 -77 -77 -77 -76 -76 -77 -76 -74 -74 -74 -74 -73 -73 -73 -73 -73 -73 -73 -72 -72 -72 -72 -72 -72 -71 -72 -72 -72 -72 -72 -72 -72 -72 -72
-90 -91 -91 -90 -89 -92 -93 -91 -89 -91 -92 -89 -88 -85 -83 -83 -83 -83 -83 -87 -89 -89 -88 -88 -87 -86 -81 -81 -81 -81 -82 -85 -85 -86 -86 -85 -84 -84 -84 -83 -82 -80 -80 -81 -81 -82 -82 -82 -81 -81 -80 -78 -78 -78 -77 -77 -77 -77 -77 -77 -77 -77 -78 -77 -77 -77 -76 -76 -75 -74 -74 -73 -73 -73 -73 -73 -73 -74 -73 -72 -72 -72 -73 -71 -71 -71 -71 -72 -72 -72 -72 -72 -72 -71
-88 -89 -91 -93 -92 -93 -93 -94 -93 -93 -93 -92 -90 -88 -87 -85 -86 -85 -84 -85 -87 -90 -89 -89 -88 -88 -87 -85 -83 -83 -81 -81 -83 -85 -86 -86 -85 -81 -82 -80 -82 -82 -82 -82 -82 -81 -81 -81 -80 -81 -80 -79 -78 -78 -77 -77 -78 -77 -77 -76 -77 -77 -78 -78 -77 -77 -77 -76 -76 -75 -74 -74 -73 -73 -73 -73 -73 -73 -73 -73 -72 -72 -72 -73 -73 -71 -71 -71 -71 -72 -72 -72 -71 -71
-87 -88 -91 -94 -92 -92 -94 -94 -94 -93 -93 -93 -92 -91 -92 -92 -92 -90 -87 -89 -88 -90 -90 -90 -89 -87 -86 -87 -85 -83 -82 -82 -82 -85 -83 -83 -83 -82 -84 -84 -84 -83 -83 -83 -82 -82 -80 -80 -80 -80 -79 -79 -78 -79 -78 -78 -78 -78 -77 -77 -77 -77 -78 -78 -78 -77 -77 -76 -76 -75 -74 -74 -74 -74 -73 -73 -73 -74 -73 -73 -73 -73 -72 -73 -73 -73 -72 -72 -72 -72 -72 -71 -71 -71
-87 -88 -90 -91 -90 -94 -93 -92 -94 -94 -93 -92 -92 -91 -91 -91 -90 -89 -89 -88 -88 -89 -88 -89 -87 -86 -86 -86 -85 -83 -83 -82 -82 -83 -81 -81 -82 -85 -85 -82 -81 -82 -82 -81 -81 -81 -80 -78 -78 -78 -78 -78 -78 -80 -79 -79 -79 -78 -78 -77 -78 -78 -78 -78 -78 -79 -77 -76 -76 -75 -75 -74 -74 -74 -74 -73 -73 -74 -73 -73 -73 -73 -72 -73 -73 -73 -73 -72 -72 -72 -72 -72 -71 -71
-87 -88 -89 -88 -89 -89 -90 -90 -93 -93 -91 -94 -92 -91 -91 -90 -89 -90 -91 -88 -90 -88 -86 -87 -85 -85 -86 -86 -84 -85 -85 -87 -84 -84 -82 -82 -85 -81 -81 -81 -80 -80 -81 -81 -81 -81 -81 -79 -78 -79 -78 -78 -80 -80 -80 -79 -79 -79 -79 -77 -78 -77 -78 -78 -79 -79 -78 -78 -76 -76 -75 -75 -74 -74 -74 -74 -73 -74 -74 -73 -73 -73 -73 -72 -73 -73 -73 -74 -73 -73 -73 -72 -72 -72
-87 -87 -89 -89 -89 -89 -89 -89 -91 -92 -90 -92 -93 -91 -90 -90 -90 -91 -91 -92 -90 -88 -90 -87 -86 -90 -90 -89 -87 -89 -88 -88 -86 -86 -83 -86 -87 -83 -80 -80 -81 -82 -83 -83 -82 -82 -79 -79 -81 -80 -79 -79 -81 -81 -81 -80 -79 -79 -78 -78 -79 -78 -78 -78 -78 -79 -78 -77 -77 -76 -75 -75 -75 -75 -76 -75 -75 -75 -75 -75 -73 -73 -73 -73 -73 -73 -73 -74 -73 -74 -73 -72 -72 -72
-88 -87 -88 -88 -89 -89 -88 -89 -89 -90 -90 -91 -92 -91 -91 -93 -92 -91 -92 -91 -90 -89 -89 -88 -86 -90 -91 -90 -90 -89 -88 -88 -88 -86 -83 -86 -87 -83 -81 -83 -85 -83 -83 -80 -80 -80 -79 -80 -82 -82 -80 -81 -81 -81 -81 -81 -80 -80 -78 -78 -79 -79 -78 -78 -79 -79 -77 -77 -77 -76 -76 -76 -76 -75 -76 -76 -76 -75 -75 -75 -76 -74 -73 -73 -73 -73 -74 -74 -74 -74 -73 -72 -72 -71
-87 -88 -88 -90 -90 -91 -90 -90 -91 -90 -90 -89 -91 -91 -93 -92 -92 -92 -92 -91 -91 -90 -87 -88 -88 -90 -91 -91 -90 -90 -90 -89 -87 -86 -87 -87 -86 -84 -81 -81 -81 -82 -82 -80 -81 -82 -83 -82 -83 -82 -82 -80 -81 -81 -81 -81 -80 -80 -79 -78 -79 -79 -79 -78 -78 -78 -78 -77 -77 -76 -76 -76 -76 -76 -76 -76 -76 -76 -75 -75 -75 -75 -74 -73 -73 -73 -73 -74 -74 -74 -73 -72 -72 -72
-87 -87 -88 -89 -90 -91 -92 -91 -91 -91 -89 -89 -88 -89 -91 -92 -93 -92 -93 -91 -91 -90 -90 -89 -89 -88 -89 -90 -91 -91 -90 -89 -86 -85 -88 -88 -85 -84 -81 -81 -82 -81 -82 -81 -82 -82 -82 -83 -82 -82 -83 -81 -81 -81 -81 -81 -80 -80 -80 -78 -80 -80 -80 -78 -78 -79 -79 -77 -76 -76 -76 -76 -76 -76 -76 -76 -76 -76 -76 -75 -75 -75 -74 -73 -73 -73 -73 -74 -73 -73 -73 -73 -72 -72
-88 -88 -88 -89 -89 -90 -91 -92 -92 -92 -91 -90 -89 -89 -89 -91 -92 -93 -93 -93 -92 -92 -91 -91 -90 -89 -88 -88 -89 -91 -89 -87 -87 -86 -90 -86 -84 -82 -82 -82 -81 -81 -81 -81 -83 -84 -84 -82 -83 -83 -82 -83 -83 -82 -81 -81 -80 -81 -81 -80 -79 -80 -80 -79 -79 -79 -79 -78 -77 -76 -77 -77 -77 -77 -76 -76 -76 -76 -76 -76 -76 -75 -75 -75 -74 -75 -73 -74 -74 -74 -74 -73 -74 -73
-89 -88 -88 -88 -89 -89 -89 -90 -91 -91 -90 -90 -90 -89 -89 -90 -90 -92 -92 -93 -93 -92 -92 -90 -91 -89 -89 -90 -91 -89 -87 -87 -88 -88 -84 -84 -83 -86 -84 -84 -84 -84 -84 -83 -84 -84 -85 -84 -84 -84 -84 -83 -83 -82 -81 -81 -80 -81 -80 -80 -81 -81 -80 -79 -80 -80 -78 -78 -77 -77 -77 -77 -78 -78 -77 -77 -76 -77 -76 -76 -76 -76 -75 -75 -74 -75 -75 -74 -75 -75 -74 -75 -75 -74
-89 -89 -88 -88 -88 -89 -89 -89 -89 -90 -89 -90 -89 -90 -89 -90 -90 -90 -91 -92 -92 -92 -91 -91 -90 -89 -93 -92 -90 -90 -89 -90 -90 -90 -84 -84 -88 -88 -86 -86 -86 -85 -84 -83 -83 -85 -84 -85 -85 -85 -84 -83 -83 -83 -82 -81 -81 -81 -80 -80 -81 -81 -80 -80 -80 -80 -78 -78 -78 -77 -77 -77 -78 -78 -78 -77 -76 -76 -77 -76 -76 -76 -76 -75 -74 -76 -75 -75 -74 -75 -74 -75 -75 -74
-89 -89 -89 -89 -88 -88 -89 -89 -88 -89 -89 -89 -90 -90 -90 -89 -90 -90 -90 -91 -91 -94 -93 -92 -90 -92 -92 -90 -90 -90 -91 -90 -91 -88 -86 -89 -88 -89 -88 -87 -87 -87 -87 -83 -84 -85 -84 -85 -86 -85 -84 -84 -83 -83 -83 -81 -81 -80 -80 -81 -81 -81 -81 -80 -80 -80 -79 -78 -77 -77 -77 -78 -78 -78 -78 -77 -77 -77 -77 -77 -76 -76 -76 -76 -74 -75 -75 -75 -75 -75 -75 -75 -75 -74
-90 -91 -90 -90 -91 -91 -90 -89 -89 -89 -89 -90 -90 -90 -90 -90 -91 -90 -90 -91 -91 -93 -94 -93 -90 -90 -89 -89 -90 -90 -91 -92 -89 -86 -89 -89 -88 -90 -89 -88 -88 -87 -85 -83 -83 -85 -84 -86 -85 -86 -86 -84 -84 -83 -83 -82 -83 -81 -80 -81 -81 -81 -81 -81 -79 -79 -79 -78 -78 -77 -77 -78 -78 -78 -78 -78 -78 -77 -77 -77 -77 -77 -77 -74 -76 -76 -75 -75 -75 -75 -75 -75 -75 -75
-91 -90 -90 -90 -91 -91 -90 -90 -90 -90 -90 -90 -90 -90 -90 -90 -89 -90 -90 -90 -91 -90 -91 -93 -94 -91 -89 -89 -90 -91 -92 -90 -89 -86 -91 -91 -92 -91 -90 -87 -86 -86 -84 -85 -86 -86 -86 -87 -87 -86 -86 -84 -85 -85 -82 -83 -82 -82 -81 -82 -81 -81 -80 -81 -80 -80 -79 -78 -78 -78 -78 -78 -78 -78 -78 -78 -78 -78 -78 -78 -78 -77 -77 -77 -77 -76 -76 -75 -75 -75 -75 -75 -75 -75
-93 -93 -92 -92 -91 -91 -90 -91 -91 -91 -92 -91 -91 -91 -91 -90 -90 -90 -90 -90 -90 -90 -90 -91 -93 -92 -92 -90 -89 -90 -87 -86 -86 -87 -91 -92 -92 -92 -89 -88 -87 -86 -85 -85 -87 -87 -88 -88 -88 -87 -86 -85 -85 -85 -84 -82 -82 -82 -81 -81 -81 -80 -80 -81 -80 -80 -78 -78 -78 -78 -78 -78 -78 -78 -78 -78 -78 -78 -78 -78 -78 -78 -77 -77 -77 -77 -76 -75 -75 -75 -75 -75 -76 -76
-93 -93 -93 -93 -92 -92 -92 -92 -92 -92 -93 -91 -91 -92 -91 -91 -91 -91 -91 -90 -90 -90 -89 -89 -89 -89 -90 -91 -86 -88 -86 -89 -89 -91 -92 -92 -92 -92 -90 -90 -87 -86 -85 -86 -86 -85 -88 -88 -88 -88 -87 -87 -85 -85 -85 -84 -83 -82 -81 -81 -81 -81 -81 -80 -80 -80 -79 -79 -79 -79 -79 -78 -78 -78 -78 -78 -78 -78 -78 -78 -78 -78 -78 -77 -77 -77 -76 -76 -75 -75 -75 -75 -76 -76
-94 -95 -94 -94 -92 -91 -93 -94 -93 -93 -93 -93 -93 -94 -93 -93 -92 -92 -91 -92 -92 -92 -91 -91 -91 -91 -91 -89 -90 -90 -89 -87 -89 -91 -92 -92 -91 -92 -91 -90 -89 -87 -86 -85 -85 -86 -85 -86 -86 -88 -87 -87 -87 -86 -85 -85 -84 -83 -82 -82 -81 -81 -81 -81 -80 -80 -80 -79 -79 -79 -79 -79 -80 -78 -78 -78 -79 -79 -79 -80 -78 -78 -79 -78 -77 -77 -77 -77 -76 -76 -76 -76 -75 -76
-93 -93 -93 -93 -92 -92 -93 -94 -94 -94 -94 -95 -95 -94 -93 -93 -93 -92 -92 -93 -94 -93 -93 -92 -91 -90 -89 -89 -92 -92 -91 -90 -88 -91 -91 -90 -91 -92 -91 -91 -91 -89 -87 -85 -85 -87 -87 -87 -86 -88 -87 -88 -87 -87 -86 -85 -85 -83 -83 -81 -81 -81 -81 -80 -80 -80 -79 -79 -79 -80 -80 -80 -80 -80 -80 -80 -80 -80 -80 -79 -80 -79 -78 -78 -78 -77 -77 -78 -78 -77 -77 -76 -76 -75
-92 -92 -92 -92 -92 -92 -92 -93 -94 -94 -95 -95 -96 -95 -95 -95 -94 -93 -94 -93 -94 -93 -93 -91 -90 -90 -90 -91 -92 -92 -93 -91 -89 -91 -90 -91 -91 -92 -92 -91 -91 -90 -88 -86 -86 -87 -86 -87 -87 -88 -88 -88 -88 -87 -86 -85 -84 -84 -82 -81 -81 -80 -80 -80 -80 -81 -80 -80 -80 -81 -80 -80 -80 -80 -80 -80 -80 -79 -79 -80 -80 -80 -80 -79 -78 -78 -78 -78 -78 -78 -78 -77 -77 -76
-93 -93 -94 -93 -93 -92 -94 -93 -93 -94 -95 -96 -95 -95 -95 -94 -93 -93 -93 -93 -93 -94 -92 -91 -91 -93 -93 -93 -93 -94 -95 -94 -89 -90 -92 -93 -92 -93 -92 -93 -91 -91 -89 -88 -86 -86 -88 -88 -88 -87 -89 -88 -87 -87 -87 -86 -84 -84 -82 -82 -80 -80 -80 -81 -82 -83 -81 -81 -81 -81 -81 -80 -80 -80 -80 -80 -80 -80 -80 -80 -80 -80 -80 -79 -78 -78 -78 -78 -78 -78 -78 -78 -77 -77
-94 -94 -94 -94 -94 -94 -94 -94 -94 -95 -95 -96 -97 -96 -96 -95 -95 -94 -93 -93 -92 -92 -93 -93 -94 -95 -96 -97 -97 -96 -97 -96 -91 -93 -95 -93 -95 -94 -94 -92 -92 -90 -89 -88 -87 -87 -88 -89 -89 -88 -88 -89 -88 -88 -88 -85 -84 -84 -83 -82 -81 -80 -82 -81 -83 -83 -83 -82 -83 -81 -81 -80 -80 -80 -81 -81 -81 -81 -81 -80 -80 -79 -80 -80 -79 -79 -79 -79 -79 -79 -79 -78 -78 -78
-97 -97 -95 -96 -96 -96 -95 -96 -96 -96 -97 -97 -98 -98 -98 -97 -96 -96 -94 -96 -95 -93 -95 -97 -98 -98 -99 -100 -100 -99 -97 -92 -92 -95 -94 -96 -97 -96 -95 -93 -92 -90 -89 -89 -89 -90 -88 -89 -90 -90 -89 -89 -89 -87 -86 -86 -86 -85 -83 -81 -81 -83 -84 -83 -85 -85 -84 -83 -82 -81 -81 -82 -81 -82 -82 -82 -82 -81 -82 -82 -81 -81 -81 -81 -80 -81 -80 -80 -81 -80 -80 -80 -80 -78
-98 -98 -98 -97 -97 -96 -97 -97 -97 -97 -98 -99 -98 -98 -98 -98 -97 -95 -96 -96 -95 -95 -97 -99 -99 -100 -101 -101 -100 -100 -97 -93 -94 -95 -98 -97 -97 -96 -94 -93 -94 -93 -90 -89 -89 -91 -90 -90 -90 -91 -89 -88 -88 -88 -87 -86 -84 -85 -82 -82 -81 -84 -84 -85 -85 -85 -84 -84 -83 -81 -81 -83 -82 -82 -83 -82 -82 -82 -82 -82 -82 -82 -82 -82 -81 -81 -81 -80 -80 -81 -80 -80 -80 -80
-100 -100 -100 -98 -98 -97 -98 -97 -97 -97 -100 -100 -99 -99 -98 -97 -96 -95 -96 -95 -96 -99 -99 -99 -99 -99 -101 -102 -101 -99 -99 -94 -95 -99 -99 -98 -97 -97 -96 -95 -94 -94 -91 -90 -91 -91 -90 -90 -90 -90 -90 -88 -88 -88 -87 -85 -86 -82 -83 -83 -82 -85 -85 -85 -84 -85 -84 -84 -83 -83 -82 -83 -83 -83 -83 -83 -83 -83 -82 -82 -82 -81 -82 -81 -82 -82 -83 -81 -80 -80 -80 -81 -80 -79
-104 -103 -102 -101 -100 -99 -100 -99 -100 -100 -100 -101 -100 -98 -96 -96 -98 -98 -98 -96 -97 -98 -100 -100 -101 -101 -101 -102 -102 -102 -101 -100 -95 -99 -100 -99 -99 -97 -97 -96 -95 -95 -92 -92 -93 -93 -93 -92 -91 -90 -90 -90 -87 -85 -86 -85 -82 -85 -86 -85 -85 -85 -84 -85 -84 -85 -85 -84 -83 -82 -83 -83 -83 -83 -83 -83 -83 -82 -82 -81 -82 -82 -82 -83 -82 -83 -82 -81 -80 -81 -80 -80 -80 -80
-102 -106 -107 -105 -104 -103 -102 -101 -101 -101 -102 -97 -98 -97 -97 -98 -98 -98 -97 -96 -99 -100 -101 -101 -102 -102 -103 -104 -104 -103 -103 -99 -95 -97 -99 -96 -98 -99 -98 -96 -96 -94 -93 -91 -92 -94 -93 -93 -93 -91 -91 -89 -86 -85 -83 -82 -82 -85 -86 -86 -85 -84 -83 -85 -85 -84 -85 -84 -83 -83 -83 -83 -83 -84 -83 -83 -83 -82 -81 -82 -82 -83 -82 -83 -84 -83 -82 -81 -80 -81 -80 -80 -80 -81
-99 -102 -106 -105 -103 -102 -101 -100 -99 -98 -98 -98 -98 -98 -98 -99 -99 -98 -98 -100 -100 -100 -102 -102 -103 -103 -104 -104 -104 -102 -101 -96 -99 -100 -98 -100 -99 -99 -99 -97 -96 -96 -95 -92 -92 -93 -93 -93 -93 -93 -90 -89 -86 -84 -85 -83 -85 -86 -86 -86 -85 -85 -86 -85 -85 -85 -85 -83 -83 -84 -83 -84 -83 -83 -83 -83 -83 -82 -82 -82 -83 -82 -82 -84 -83 -84 -83 -81 -80 -81 -81 -80 -81 -81
-99 -99 -100 -100 -99 -99 -99 -98 -97 -97 -96 -99 -99 -99 -99 -100 -98 -98 -99 -101 -102 -102 -103 -103 -103 -103 -103 -105 -105 -103 -99 -97 -102 -103 -99 -100 -100 -100 -99 -98 -97 -97 -95 -92 -93 -94 -95 -93 -93 -92 -92 -90 -85 -85 -83 -86 -85 -86 -86 -86 -86 -85 -86 -85 -86 -85 -85 -84 -84 -84 -82 -84 -83 -82 -82 -82 -82 -81 -82 -83 -82 -83 -83 -84 -84 -84 -83 -81 -81 -82 -81 -80 -81 -81
-99 -99 -99 -98 -98 -98 -98 -98 -98 -97 -99 -99 -100 -100 -100 -100 -100 -99 -102 -103 -104 -105 -105 -105 -104 -102 -102 -103 -102 -100 -99 -97 -103 -103 -102 -102 -101 -100 -99 -98 -96 -95 -93 -92 -93 -93 -93 -91 -92 -92 -91 -90 -87 -84 -87 -87 -87 -86 -86 -85 -86 -86 -86 -86 -86 -85 -85 -85 -85 -83 -83 -84 -84 -83 -83 -83 -83 -82 -82 -83 -84 -83 -83 -83 -84 -82 -82 -81 -82 -82 -82 -82 -82 -82
