analysis/data/raw_data/dwd_gridded/monthly_precipitation_01_Jan_grids_germany_monthly_precipitation_188101.asc
NCOLS 654
NROWS 866
XLLCORNER 3280414.711633467
YLLCORNER 5237500.62890625
CELLSIZE 1000
NODATA_VALUE -999
[rows 318 to 370 of 866, columns 192 to 287 of 654]
43 41 41 43 42 41 41 41 41 43 43 43 42 42 42 42 44 43 44 44 44 44 41 41 42 40 39 38 38 37 37 37 36 36 37 37 37 37 38 38 38 41 43 43 41 47 47 51 48 47 53 54 55 46 47 43 42 42 41 41 41 42 43 40 42 42 42 40 38 36 35 34 33 32 34 34 33 33 33 32 32 31 29 30 30 30 30 31 32 30 31 30 32 31 32 32
46 44 43 45 43 43 46 46 46 46 45 46 45 45 45 44 48 46 42 48 47 45 45 40 40 40 40 38 38 38 37 37 37 37 37 37 37 37 37 36 37 38 37 40 47 48 43 42 47 45 51 53 53 53 52 48 45 43 43 42 42 43 41 40 43 49 42 40 38 37 36 35 34 33 33 34 34 34 32 32 31 31 30 29 30 30 30 31 33 31 29 30 30 30 31 30
44 44 46 47 43 44 46 49 51 51 48 48 49 50 50 45 50 52 42 48 48 45 40 40 41 41 40 39 39 38 38 37 37 38 37 37 37 37 37 37 37 37 38 40 40 41 41 40 39 43 47 47 55 56 59 52 48 43 43 43 43 46 44 40 42 44 50 42 40 38 37 35 35 34 32 32 32 32 32 34 31 31 30 30 29 30 31 31 34 33 30 30 30 30 30 30
44 44 46 50 45 48 48 49 51 52 51 50 52 52 51 48 54 48 41 42 45 42 48 49 44 46 44 40 42 38 38 38 37 38 37 37 38 40 37 37 37 37 37 40 41 40 39 40 40 40 41 42 48 59 58 49 45 47 43 43 42 43 41 42 47 49 49 53 41 39 38 36 35 34 34 33 32 31 32 30 31 30 30 30 31 31 30 30 32 31 30 30 31 30 30 30
46 46 46 52 46 46 48 50 48 50 52 53 54 57 56 50 52 46 46 43 44 44 47 46 49 53 51 45 44 41 40 39 38 39 40 42 46 45 45 40 37 38 38 38 40 38 38 40 40 40 41 41 44 51 55 54 48 45 43 41 40 41 44 46 50 49 48 44 45 40 38 37 35 34 34 33 32 32 31 31 30 31 31 31 31 31 30 30 31 31 31 30 31 30 30 31
48 48 47 50 50 46 55 53 53 53 54 55 55 59 54 55 50 49 53 60 52 45 50 51 46 48 47 50 48 44 43 43 41 39 40 43 48 51 52 49 40 39 38 38 39 39 38 38 40 41 44 42 44 44 45 46 44 42 42 40 40 40 40 41 41 43 47 49 41 45 40 38 37 35 34 35 34 33 31 31 31 31 32 32 34 32 31 31 32 33 31 30 31 31 31 30
47 46 46 49 53 48 55 55 61 60 55 53 52 50 49 50 49 48 55 61 52 50 48 51 50 51 54 50 55 47 44 42 40 40 42 44 49 49 47 49 46 40 39 38 38 38 38 37 38 43 41 42 46 45 43 44 42 41 41 40 40 41 40 40 40 41 41 42 41 48 46 46 38 37 36 34 33 32 31 31 31 31 33 37 42 35 32 32 33 37 32 30 30 31 33 33
49 48 46 48 49 49 53 52 54 57 53 49 51 50 50 50 50 52 50 54 55 53 54 51 54 50 52 57 56 50 46 43 42 40 42 42 49 51 45 44 42 41 40 40 39 38 38 37 37 40 40 40 46 43 48 47 43 41 40 40 41 42 40 38 38 40 40 44 50 49 47 51 43 38 37 35 34 32 32 31 32 32 34 32 40 40 35 33 33 39 33 32 30 30 32 34
48 50 50 48 49 47 50 50 55 53 54 54 49 48 51 49 51 52 51 53 56 53 51 50 58 60 52 52 55 51 49 47 41 42 41 43 48 48 49 48 51 50 43 40 40 39 38 37 36 35 38 36 41 42 42 47 41 39 38 40 41 40 39 40 38 39 40 41 47 53 51 47 49 38 35 35 33 32 32 31 33 34 34 35 37 40 40 37 35 38 34 33 31 30 31 33
49 48 50 49 48 46 48 50 56 50 48 48 47 47 50 52 54 56 58 54 58 53 53 51 53 60 57 52 50 54 49 42 45 43 40 42 45 47 55 54 50 48 43 42 40 39 38 38 37 35 34 35 35 38 45 40 38 38 41 38 38 38 38 39 38 38 38 39 41 47 44 41 42 36 34 33 32 32 31 31 32 34 33 34 38 40 38 41 37 37 33 33 33 32 30 32
48 48 47 48 45 45 47 48 49 54 47 46 47 49 50 50 56 56 58 62 56 54 56 54 50 57 58 53 49 54 45 43 43 42 43 43 43 48 55 54 48 45 49 46 43 41 39 38 40 40 35 35 35 37 38 38 38 39 37 37 37 39 40 45 48 38 37 37 38 39 39 37 37 35 34 32 32 32 32 31 32 32 32 33 35 37 39 37 43 37 35 33 32 32 32 31
50 48 48 46 46 46 45 45 47 50 46 45 50 49 51 52 54 58 60 59 58 59 56 54 52 53 52 50 50 54 49 43 45 43 45 44 45 49 52 49 50 46 48 48 47 46 42 41 40 43 38 36 35 37 37 37 38 41 42 39 38 37 40 54 48 47 40 37 37 36 35 35 35 34 34 32 32 32 32 32 31 31 34 34 34 38 38 39 35 37 34 34 34 35 34 33
49 48 47 47 46 48 46 45 43 45 44 46 51 54 56 56 55 53 51 54 56 58 58 57 53 56 57 51 53 52 47 51 49 48 41 46 45 49 50 51 46 46 47 48 45 42 45 45 43 40 38 36 36 35 37 37 38 44 44 40 38 37 40 53 46 41 38 37 37 37 35 34 34 34 34 34 32 32 32 32 32 31 32 33 34 35 40 37 40 36 35 40 40 39 37 37
51 47 48 48 48 48 48 46 44 44 44 46 49 51 57 55 52 50 50 50 54 60 57 54 57 58 52 52 50 54 50 51 51 47 45 45 49 51 48 46 46 43 43 45 46 41 42 45 46 46 37 35 36 36 35 35 36 41 45 41 39 38 39 45 46 44 37 37 34 34 34 35 35 34 34 35 33 32 32 32 32 32 32 34 35 34 34 37 39 40 37 37 38 43 45 40
48 46 48 49 49 49 48 48 46 45 44 45 47 48 49 55 54 50 48 48 52 54 50 58 57 58 54 55 55 60 58 53 48 46 45 43 47 48 49 47 44 44 43 41 41 41 41 40 37 37 37 39 36 36 36 35 36 37 41 41 42 39 38 41 53 44 38 36 36 36 37 36 36 35 35 34 33 33 33 32 32 32 34 34 35 35 36 34 35 37 38 42 40 43 47 43
47 47 47 48 49 49 48 48 48 46 44 44 45 46 47 49 54 51 49 48 48 48 51 53 58 59 61 53 52 53 58 56 53 48 45 46 48 49 47 45 45 47 48 46 43 42 41 39 38 38 37 36 36 36 35 35 36 39 40 41 45 41 39 40 41 46 38 36 39 42 44 41 38 37 35 34 34 35 33 32 32 32 34 35 37 38 37 35 35 35 36 39 40 47 45 35
46 46 46 47 48 48 47 48 48 47 47 44 46 46 46 47 48 48 48 45 46 47 51 53 56 54 58 49 50 50 57 57 56 51 48 53 55 57 52 52 52 56 49 48 45 44 42 41 39 37 38 38 37 35 35 38 37 37 39 42 40 44 40 38 38 43 42 36 36 40 50 52 45 38 36 35 35 40 35 34 32 34 35 44 44 39 38 37 37 36 35 34 38 40 37 39
45 43 43 46 48 48 48 48 47 46 47 46 45 46 44 45 46 46 45 45 44 46 53 59 54 50 56 47 48 50 51 53 54 52 49 53 52 55 50 49 50 50 48 48 48 47 47 48 44 47 42 39 36 36 35 35 39 42 39 39 39 38 41 38 36 39 46 39 36 39 45 52 50 45 38 37 36 37 39 34 33 34 39 47 47 44 48 41 40 37 35 34 35 37 39 37
45 44 45 47 48 48 48 48 48 48 47 47 46 46 46 46 46 46 44 42 42 42 46 47 49 47 46 46 47 47 46 49 50 53 51 50 52 53 50 50 48 49 50 52 50 49 49 56 48 45 42 37 36 36 35 35 35 35 35 34 35 36 36 35 36 36 40 46 38 37 39 43 43 44 39 37 37 37 38 35 33 35 40 49 49 48 47 48 43 41 37 35 35 34 35 33
47 46 46 47 49 49 48 48 48 48 48 48 48 46 46 46 45 44 43 42 42 42 42 44 46 47 45 44 44 45 45 47 48 53 55 52 53 54 49 50 53 55 53 54 52 51 48 51 53 52 46 37 40 39 36 35 35 36 34 36 34 34 34 35 36 36 40 48 37 36 38 38 38 40 43 45 39 37 38 43 34 33 37 43 48 44 44 43 47 46 38 37 35 35 34 34
49 48 48 48 48 50 50 51 50 48 48 48 48 47 47 46 44 44 44 43 44 43 44 42 42 43 45 45 45 44 45 44 45 50 51 54 50 57 53 55 55 55 50 57 54 55 53 49 44 43 39 38 43 39 36 35 35 34 34 35 34 33 33 34 36 36 37 40 38 36 36 38 40 40 40 43 46 39 37 37 38 34 34 37 45 46 40 43 46 46 41 38 36 35 35 35
51 50 50 52 51 52 52 52 52 50 48 48 50 49 48 46 46 45 44 44 45 45 44 44 43 44 45 46 47 48 50 45 45 46 49 50 49 53 52 52 47 48 51 57 59 58 59 50 44 39 37 35 44 39 36 35 35 34 34 40 40 35 34 33 35 36 35 38 45 39 39 37 38 40 39 41 44 47 39 38 37 35 34 35 40 45 43 40 42 46 43 39 38 37 36 40
53 54 52 54 54 52 54 54 52 52 49 48 48 51 48 46 46 47 47 46 50 51 47 47 44 46 46 48 51 54 52 47 45 46 46 46 49 53 49 48 49 53 51 52 55 52 47 46 48 42 37 38 39 39 39 36 35 33 33 33 33 38 36 40 35 35 34 35 42 45 39 38 38 38 40 40 41 44 43 39 37 37 35 34 40 41 39 38 40 43 45 40 38 37 38 39
56 55 56 56 56 56 55 54 54 52 50 50 48 47 47 46 48 47 47 48 50 51 52 50 45 45 45 47 47 50 51 46 46 46 44 46 47 49 47 54 55 48 46 45 44 45 43 42 41 35 34 37 39 41 38 37 38 33 32 32 31 31 31 34 40 35 32 33 37 43 46 41 39 39 39 39 39 39 44 40 37 39 35 35 36 39 47 43 40 39 46 41 39 37 37 41
60 62 60 60 58 57 55 55 53 52 51 51 51 48 46 46 47 48 51 51 51 51 51 49 47 46 44 47 45 47 47 46 46 45 46 45 46 50 50 53 54 47 47 44 41 39 36 35 34 35 41 36 40 40 39 40 38 35 37 32 32 32 31 31 31 37 34 34 36 37 42 44 39 41 40 39 39 38 37 40 39 38 37 36 35 38 38 41 43 44 46 46 41 39 38 41
65 63 67 65 62 60 58 57 55 55 53 53 52 49 47 49 47 47 53 53 50 51 54 47 45 49 45 47 46 46 46 44 47 49 50 49 49 49 50 52 53 53 52 44 39 38 36 38 40 38 41 42 45 43 41 42 42 35 38 31 33 35 33 33 39 33 34 34 34 36 38 50 42 40 43 43 43 43 40 37 43 42 38 39 35 39 40 38 41 47 48 49 45 40 39 38
59 63 66 69 67 64 62 60 60 56 55 54 53 51 49 49 47 47 49 50 51 52 49 50 46 52 48 45 46 45 48 49 50 47 45 52 52 52 56 50 48 49 51 42 39 39 44 46 43 43 46 46 46 43 41 38 39 39 38 33 35 36 30 34 41 37 34 35 34 34 37 42 47 42 46 51 48 44 44 41 39 43 39 39 38 35 39 41 41 42 41 51 48 45 40 39
57 60 63 69 66 69 63 59 61 60 60 57 54 53 49 48 47 47 47 48 51 54 50 48 47 47 48 48 46 45 44 49 46 46 44 45 48 54 60 52 50 46 42 43 38 40 36 44 44 45 45 43 43 42 42 42 39 39 39 35 35 38 30 35 45 40 41 34 36 35 36 39 47 47 49 50 45 43 39 40 44 43 46 43 39 39 35 41 40 41 38 43 42 46 41 40
57 59 60 63 65 67 70 64 62 59 59 60 56 54 51 49 48 47 47 49 50 51 53 50 48 48 50 48 49 46 43 43 44 44 46 47 53 50 55 50 52 46 45 44 38 40 43 40 39 43 45 45 45 42 43 41 39 40 35 38 39 36 31 43 44 37 40 40 36 35 37 38 40 49 48 51 45 44 46 46 46 46 43 42 39 39 39 34 37 41 42 38 41 40 41 41
55 57 58 59 60 62 63 64 72 64 62 58 56 56 54 52 51 49 47 47 51 50 52 50 50 50 52 48 46 46 44 44 43 44 44 47 47 48 53 44 43 44 39 37 40 38 36 40 41 43 42 43 37 39 42 42 39 38 34 36 35 35 30 42 46 43 45 40 41 39 38 37 38 39 48 45 50 48 44 53 46 48 49 42 43 46 41 40 35 33 39 37 37 38 40 43
55 56 57 58 59 58 59 59 60 64 65 58 60 58 56 54 52 53 52 49 48 50 50 51 55 54 52 49 49 46 43 44 43 43 43 43 47 44 44 41 41 41 39 36 40 41 39 39 40 40 42 43 42 38 39 38 40 37 36 30 30 30 30 34 39 41 47 46 43 38 37 38 38 38 41 46 52 45 42 46 45 46 46 44 40 43 50 37 35 34 38 41 42 38 42 40
55 55 55 56 57 58 57 58 58 58 58 60 63 62 56 58 56 53 53 52 50 51 50 51 53 54 54 50 50 47 46 44 44 45 44 44 45 42 42 46 44 47 43 39 36 39 36 36 38 37 41 42 38 39 38 40 32 37 31 32 37 39 37 34 38 39 39 43 42 38 40 42 38 37 39 41 46 51 50 50 44 50 48 47 46 41 42 45 41 35 34 36 40 43 39 39
53 54 54 55 55 55 56 55 55 54 56 58 60 62 68 63 67 57 52 53 52 51 51 51 53 56 57 54 53 50 47 47 46 48 50 48 42 42 45 52 52 52 49 42 40 38 38 37 40 39 41 41 39 40 38 39 32 31 31 30 36 38 39 38 40 36 36 36 42 41 41 47 42 37 38 39 41 46 50 51 46 45 46 51 53 45 41 45 50 42 35 37 44 44 40 38
52 53 53 53 53 54 54 52 53 54 55 58 59 61 65 66 62 59 57 52 53 53 51 53 54 54 55 52 52 50 50 48 47 46 45 43 43 46 46 51 56 58 58 46 41 38 41 42 45 44 42 38 37 38 37 35 33 32 31 29 34 36 32 34 30 32 33 34 35 39 40 42 46 39 36 35 35 39 43 46 49 50 47 48 54 47 41 41 45 51 40 33 39 40 43 40
51 51 51 53 53 53 53 52 52 53 55 56 58 60 63 69 66 69 56 55 55 53 53 54 54 54 53 52 49 49 47 46 46 46 44 45 43 45 47 46 51 56 58 55 46 40 46 43 42 41 37 36 36 36 35 35 33 34 34 35 34 35 30 31 31 31 31 33 35 35 37 38 44 41 36 38 36 36 38 41 41 44 46 49 51 44 40 42 41 45 50 34 34 37 38 41
50 50 50 51 51 52 51 52 52 52 54 55 57 60 62 64 66 70 59 64 60 55 54 54 54 55 50 50 48 47 49 46 46 45 45 46 45 44 44 42 45 48 46 49 47 43 42 41 41 39 39 37 38 35 41 38 36 32 30 30 30 30 34 37 33 33 31 32 35 36 36 37 40 37 35 39 43 41 40 40 39 38 39 41 43 40 38 39 40 41 42 34 32 38 40 37
48 49 49 49 50 50 51 51 52 52 53 54 54 55 57 60 63 67 62 62 61 59 58 57 56 56 55 59 54 49 48 47 46 45 44 46 48 45 44 42 43 47 48 44 44 43 43 43 43 44 42 41 39 38 44 40 41 38 36 30 29 35 39 39 35 35 34 33 35 35 35 36 40 38 36 38 45 39 41 45 40 39 37 38 40 38 37 38 39 41 40 32 32 38 35 35
47 47 49 48 48 49 50 51 51 52 53 54 54 54 55 56 60 63 64 67 67 60 60 60 59 59 55 59 56 49 47 45 45 45 44 45 46 45 45 43 41 44 43 45 48 46 44 46 48 51 42 42 40 43 44 43 42 41 40 30 29 29 30 29 31 32 32 33 34 35 35 37 39 39 38 39 37 38 40 42 43 42 39 37 35 38 37 37 40 42 39 37 31 35 37 35
46 46 47 47 47 48 48 49 51 51 51 52 53 54 54 55 57 60 63 62 71 68 62 64 60 60 56 52 52 50 48 47 46 44 44 45 46 48 45 44 41 41 43 41 42 42 44 43 45 51 50 43 42 42 40 42 40 40 32 29 29 29 28 30 31 32 32 34 35 35 36 45 41 43 41 43 36 37 36 38 38 40 43 39 38 36 38 42 42 44 43 39 32 31 34 37
46 46 45 45 46 47 47 48 49 51 50 51 52 53 52 53 55 56 59 61 67 63 65 66 64 62 59 55 56 50 48 47 45 45 44 45 45 46 47 43 41 41 42 44 43 44 44 43 46 50 47 43 42 41 37 38 35 38 31 29 29 29 31 32 34 34 35 34 36 36 36 45 45 41 42 45 36 35 36 37 38 38 37 39 38 37 38 42 47 44 45 44 41 37 31 35
45 44 44 44 45 45 46 47 48 49 50 50 50 51 51 51 51 54 57 56 61 61 72 73 77 64 59 58 58 53 48 46 45 44 44 47 46 44 45 44 41 43 45 46 45 45 45 43 42 42 41 41 41 42 41 35 35 33 31 30 30 31 32 34 35 37 35 37 38 38 38 38 41 42 46 41 36 34 35 35 36 36 36 36 35 34 38 39 41 41 46 41 32 32 37 33
42 42 42 43 43 44 45 45 47 47 49 49 50 50 51 49 49 51 52 56 63 66 73 71 77 64 61 57 55 50 49 46 44 44 44 45 46 48 44 43 43 44 43 45 42 44 44 42 42 42 39 40 41 37 37 35 34 34 32 30 30 32 33 35 38 38 35 39 39 39 38 37 42 38 44 39 36 35 33 33 35 35 35 34 32 32 31 32 34 40 37 37 32 36 39 34
42 42 42 42 42 44 44 45 45 47 47 48 49 50 50 49 49 50 52 57 61 67 72 70 73 64 63 58 55 55 51 46 45 43 44 45 45 45 43 41 41 41 42 42 42 43 44 43 41 41 41 43 42 37 35 34 33 32 31 31 31 32 34 37 39 37 36 40 40 40 40 43 38 38 38 41 36 35 34 33 35 32 32 32 34 31 31 31 30 33 36 35 32 35 40 38
42 42 42 42 42 43 43 44 45 45 47 48 48 49 48 48 48 49 52 55 60 62 69 72 70 65 63 57 54 51 48 45 45 45 46 46 46 44 44 42 42 44 41 42 43 43 46 42 41 41 37 41 42 42 41 34 33 32 31 32 31 34 36 39 39 41 40 43 43 40 38 44 42 40 39 39 40 35 34 33 33 33 33 32 32 32 31 30 31 31 31 35 38 37 39 39
42 42 42 42 42 42 42 43 43 45 45 47 47 47 47 48 48 49 52 56 59 65 71 67 71 63 59 56 60 52 50 49 48 48 48 49 49 46 48 44 44 43 43 46 46 43 46 43 43 42 38 37 36 42 43 34 33 32 33 35 35 37 39 40 40 43 44 46 40 43 44 43 41 40 40 39 36 38 35 35 35 33 33 33 32 32 32 31 31 31 32 34 41 41 37 37
40 42 42 41 42 42 42 43 43 43 45 45 46 46 47 47 48 49 52 56 58 62 61 68 69 61 59 58 54 55 52 56 54 52 53 52 50 48 50 46 44 43 43 45 47 45 40 46 40 45 41 37 37 42 43 34 34 33 35 37 35 38 41 39 42 45 45 41 44 47 45 43 41 40 39 40 40 42 37 35 34 33 35 33 33 32 32 32 32 31 31 31 33 40 37 40
40 40 40 41 41 42 42 42 43 43 44 45 45 45 46 47 48 50 53 53 58 62 61 65 64 64 59 57 57 58 55 56 56 53 57 56 48 47 50 48 44 43 42 45 47 48 42 46 42 37 35 35 39 35 35 34 34 36 38 39 37 41 43 41 44 45 46 44 50 48 47 47 43 39 39 38 41 45 43 38 35 38 36 34 33 33 32 32 32 31 31 31 31 34 38 37
40 40 40 40 41 41 41 42 42 43 43 44 45 45 46 47 48 51 50 54 61 63 56 64 62 70 61 59 60 58 57 57 57 57 54 54 50 49 50 46 44 44 43 47 46 41 41 38 39 45 41 35 35 35 34 35 35 38 41 42 40 42 45 41 44 43 46 48 51 49 48 46 42 40 39 39 38 40 38 39 37 41 39 37 34 33 32 31 32 33 31 31 31 35 35 42
40 40 40 40 41 40 41 41 42 43 43 43 43 45 46 46 47 49 54 55 61 56 59 58 61 65 65 60 60 60 64 58 61 60 60 53 49 49 46 48 46 46 43 48 48 47 48 45 42 47 45 43 37 35 34 34 36 40 43 45 45 39 40 42 43 43 47 51 51 51 50 47 42 41 39 40 42 42 40 39 40 42 45 39 37 34 33 32 33 34 33 31 30 30 32 34
39 40 39 39 40 40 41 42 42 42 43 43 43 45 45 46 47 49 53 57 52 54 59 58 58 64 71 68 65 61 65 61 64 61 56 54 51 51 48 45 49 49 46 43 46 51 48 43 47 48 49 45 45 33 33 34 37 41 45 46 46 46 43 43 46 48 50 52 53 52 50 47 44 41 42 43 44 45 43 43 40 41 46 46 39 42 35 34 33 32 32 31 29 30 32 35
38 38 38 39 40 40 41 42 42 42 42 43 43 43 44 47 48 47 49 49 56 61 59 63 60 64 70 71 69 63 60 59 60 63 60 56 54 52 49 46 46 48 45 42 45 50 46 44 46 48 42 45 33 33 33 33 38 41 47 46 47 47 47 43 47 52 53 56 55 52 51 47 45 45 45 47 47 44 43 41 43 41 44 47 46 39 39 36 33 32 32 31 30 30 30 31
38 38 38 38 40 40 41 42 42 42 42 43 43 43 45 48 49 51 53 58 56 60 61 61 60 65 70 66 64 65 66 61 60 62 56 55 54 50 48 44 46 45 42 43 46 49 51 48 47 45 43 36 33 32 33 35 39 43 44 46 47 49 46 45 49 53 55 56 55 54 52 46 46 47 48 48 48 48 44 47 44 43 43 42 41 48 41 43 37 32 32 31 30 30 30 34
38 38 38 39 40 40 41 40 41 41 41 42 42 43 44 47 49 49 53 57 54 55 58 59 61 66 70 69 64 64 70 63 61 61 55 53 52 47 46 44 45 45 45 43 47 41 48 45 44 44 37 37 33 32 31 36 40 44 47 48 49 50 43 46 52 53 56 58 61 55 54 50 51 49 49 51 50 52 44 45 44 43 45 47 41 39 43 38 35 34 34 32 30 30 31 35
