analysis/data/raw_data/dwd_gridded/monthly_precipitation_01_Jan_grids_germany_monthly_precipitation_188101.asc
NCOLS 654
NROWS 866
XLLCORNER 3280414.711633467
YLLCORNER 5237500.62890625
CELLSIZE 1000
NODATA_VALUE -999
[rows 477 to 529 of 866, columns 96 to 191 of 654]
28 30 29 28 29 29 31 29 31 29 32 31 35 32 37 37 35 37 37 38 48 49 48 46 43 47 43 44 42 42 43 45 47 39 46 51 43 42 44 44 52 45 54 49 52 52 55 50 56 54 54 60 57 56 60 54 54 57 54 60 63 59 60 57 57 51 48 49 52 51 48 48 46 43 50 48 52 52 51 45 54 50 54 55 54 51 54 55 56 52 47 46 43 44 42 44
28 30 27 28 29 31 29 32 33 33 32 31 35 34 39 38 37 38 40 45 49 50 48 44 43 48 44 44 42 41 42 43 46 42 44 47 44 48 50 49 50 48 57 54 56 55 47 47 52 57 57 59 61 59 61 58 56 52 58 60 55 55 57 56 56 52 51 46 51 46 45 45 45 44 48 51 49 53 48 49 49 53 52 52 51 50 50 53 51 47 47 44 43 42 42 41
25 26 30 28 26 31 33 34 35 33 32 32 36 34 38 40 46 41 39 47 48 49 48 44 41 45 45 45 45 43 45 48 46 42 43 47 44 46 52 53 50 49 48 52 58 54 54 51 50 50 56 57 60 60 58 60 61 57 56 57 59 62 63 52 49 47 46 46 49 46 45 44 41 44 45 48 48 46 49 47 50 50 50 50 51 51 52 49 49 50 46 44 42 45 41 39
26 25 29 30 30 29 31 33 36 32 34 34 36 36 37 44 43 43 46 48 48 47 44 42 45 48 49 48 44 47 47 47 46 47 40 47 48 48 53 55 50 51 49 53 56 59 59 54 51 55 49 51 58 54 63 64 63 67 60 60 67 60 55 50 52 49 49 46 46 43 50 44 40 40 44 47 50 44 45 50 54 47 46 50 53 52 50 51 52 49 46 45 47 47 45 44
27 24 26 31 32 28 31 30 35 34 36 37 37 36 36 41 44 44 46 46 46 48 45 43 45 47 46 47 44 47 47 48 47 42 45 47 48 50 52 52 52 53 53 54 56 57 59 59 55 60 51 59 52 58 61 67 65 66 63 66 64 59 53 50 53 49 49 56 53 50 50 44 42 39 47 42 41 45 52 52 49 49 45 48 51 46 50 55 52 51 50 49 49 47 44 39
26 25 27 27 30 30 31 32 33 35 37 37 37 37 40 40 47 45 45 43 45 45 46 44 44 46 44 45 46 44 45 46 46 42 44 45 48 48 49 50 55 56 55 56 58 58 58 58 58 60 56 59 54 62 59 65 64 61 67 64 59 57 53 56 60 56 51 54 52 48 51 49 48 42 41 48 48 51 51 51 47 47 44 43 45 48 48 48 48 48 50 45 41 42 42 41
24 26 26 28 31 30 28 33 34 35 35 36 38 40 41 43 44 42 41 42 44 43 44 45 46 43 43 45 43 46 46 47 47 47 42 42 44 46 49 46 50 49 47 56 56 57 57 59 60 60 56 58 57 60 63 65 66 65 67 65 66 60 54 62 60 53 54 57 51 47 45 45 47 46 40 46 47 48 46 45 46 51 47 48 44 46 46 44 47 49 49 46 46 41 38 38
27 26 27 29 32 31 31 32 31 32 35 37 37 37 39 42 41 41 39 41 43 44 41 43 44 43 43 44 43 43 44 45 47 48 48 43 43 44 45 47 49 48 54 56 55 56 55 58 59 61 60 63 61 65 68 68 66 67 66 66 64 59 59 64 61 55 58 54 51 50 50 48 41 43 40 45 46 43 46 43 48 46 47 43 42 42 43 46 45 45 43 43 44 40 38 41
30 28 27 29 29 31 32 33 34 33 36 37 38 39 40 40 40 40 39 40 43 42 42 44 42 44 43 42 44 46 46 44 45 48 47 47 48 46 44 47 47 48 48 54 53 54 54 56 57 59 61 62 64 63 67 67 67 66 66 64 64 62 65 64 61 62 62 56 52 50 46 44 51 45 41 42 42 43 42 41 42 40 41 44 46 44 41 43 44 42 43 43 43 41 39 38
33 28 29 29 29 31 32 34 37 35 37 39 39 38 37 39 39 38 42 42 42 42 40 43 42 41 42 44 43 42 43 44 45 48 50 48 48 47 44 44 48 50 51 53 54 54 55 57 58 56 57 60 62 62 63 64 65 67 65 64 65 65 67 64 63 63 57 54 52 51 49 47 52 45 42 50 43 46 41 42 44 49 45 47 43 46 42 41 45 45 44 43 42 40 38 37
30 30 30 31 29 30 31 36 35 36 36 36 38 38 37 38 35 40 41 42 40 41 39 41 41 39 42 43 45 46 48 48 43 47 48 49 46 47 48 45 44 44 44 48 49 55 56 56 58 58 57 58 59 63 61 66 67 66 66 66 66 65 67 64 65 64 62 57 54 51 51 50 47 44 40 43 46 46 43 47 47 45 49 45 45 43 44 41 42 41 41 42 43 43 38 40
26 28 30 31 31 31 34 36 34 32 36 38 38 36 36 38 38 40 41 39 40 39 40 41 42 42 46 47 48 46 47 47 46 45 45 46 45 47 46 49 48 51 53 46 50 54 53 57 59 61 60 60 60 60 61 66 67 64 63 67 69 68 67 67 69 64 61 55 51 54 51 48 44 45 41 41 48 47 46 48 48 46 47 46 46 45 43 42 41 42 43 45 43 43 42 40
26 31 32 33 33 33 35 33 32 33 35 36 35 36 36 37 37 36 37 39 40 39 39 42 42 44 43 44 47 47 48 47 47 45 43 45 46 46 49 49 50 53 53 50 49 47 51 57 61 58 58 58 58 59 61 63 65 63 64 67 68 67 69 70 67 65 63 60 58 56 49 45 47 43 41 41 42 46 48 44 42 44 44 44 44 48 44 42 43 43 43 45 41 44 42 42
29 29 32 33 31 33 34 34 33 32 35 37 34 36 36 35 35 36 40 39 38 40 39 40 43 42 43 46 48 47 47 45 45 45 45 47 47 50 50 51 52 53 55 53 52 47 52 58 58 54 56 58 57 58 60 60 61 63 62 65 69 70 71 72 70 68 68 67 61 56 49 50 46 43 44 42 39 45 46 45 41 41 43 40 41 45 45 43 45 49 44 47 40 46 46 43
28 30 34 35 33 32 32 33 33 28 33 34 32 32 35 33 36 38 39 40 40 40 43 42 41 43 44 43 46 44 47 46 48 47 45 46 47 50 53 52 51 55 56 54 50 47 53 55 51 55 57 59 56 57 60 59 60 61 61 63 66 67 70 75 73 70 69 66 60 54 56 57 52 44 42 38 41 45 41 45 41 39 42 44 47 46 45 46 47 47 47 40 40 42 42 39
25 30 29 34 34 29 30 31 28 29 32 29 28 29 31 33 35 36 37 39 37 37 40 39 42 41 42 44 44 44 47 48 48 46 47 47 47 53 56 55 56 55 56 55 49 47 54 50 54 54 54 55 59 58 57 58 58 59 62 64 64 64 69 71 74 72 68 64 62 60 58 55 49 46 41 38 42 44 45 41 38 40 40 43 44 45 48 47 48 47 47 46 43 38 38 41
25 30 28 35 32 32 32 31 33 32 30 29 30 34 33 31 32 34 36 36 36 39 39 39 43 44 45 44 43 45 45 47 48 48 48 51 53 52 54 55 55 56 56 52 50 51 50 52 57 57 58 58 59 59 59 59 58 59 60 64 64 64 68 69 70 71 67 62 59 59 55 54 54 50 46 41 38 39 41 42 39 43 47 48 43 41 45 42 46 43 47 42 42 38 38 38
26 28 30 32 29 33 32 33 28 25 28 31 34 36 33 32 36 36 37 39 35 42 40 38 41 43 43 41 43 44 44 45 44 45 47 53 54 49 49 51 53 56 56 51 52 57 54 57 58 56 57 57 57 57 55 58 59 57 60 63 65 67 66 68 67 66 64 60 55 53 50 47 49 48 44 43 39 37 37 40 40 42 41 44 45 39 41 39 43 41 40 41 41 40 38 36
22 27 28 30 30 32 34 33 31 28 32 34 34 35 34 33 37 33 39 39 40 36 43 42 41 39 41 40 42 43 42 44 43 43 48 53 53 51 49 51 53 55 54 55 55 54 55 58 58 57 57 57 57 56 53 55 58 55 57 63 65 64 65 67 64 66 64 60 56 50 50 46 47 44 43 42 44 39 38 38 43 39 40 39 37 40 38 42 38 41 39 40 38 42 40 37
25 26 29 28 29 31 30 33 32 30 33 29 33 35 35 33 36 33 39 41 38 41 39 43 42 39 41 41 43 43 43 42 43 44 46 48 50 50 51 51 51 51 54 56 54 56 56 58 57 57 57 56 54 55 54 55 56 54 56 59 62 63 60 67 68 64 61 58 55 54 50 44 41 43 46 47 48 41 40 37 37 37 36 37 38 37 42 40 41 39 38 38 36 38 39 38
19 22 24 27 28 31 30 33 27 24 29 25 34 36 38 36 37 35 39 39 41 42 43 45 44 42 41 43 43 41 41 41 41 42 42 44 50 51 52 52 51 52 53 55 54 57 57 56 57 57 56 56 55 55 55 53 54 52 55 55 58 57 61 66 60 57 55 53 54 55 52 50 45 41 41 43 48 45 40 43 41 38 38 41 38 35 36 37 38 36 35 35 36 35 38 37
20 22 26 27 27 30 29 31 32 27 27 23 29 30 36 33 37 39 39 39 40 43 43 44 41 41 38 42 42 41 41 40 44 41 43 45 45 46 50 51 51 51 52 54 56 56 55 56 57 56 58 58 58 56 55 52 52 55 54 53 53 54 57 59 58 54 48 48 46 49 52 50 44 39 40 44 46 44 42 42 41 40 37 41 41 38 34 34 37 33 33 33 34 34 34 33
20 21 26 26 29 29 31 26 28 23 23 24 27 34 33 33 37 32 37 40 42 42 41 41 40 42 38 42 41 41 40 42 41 41 42 43 44 45 47 49 51 49 51 55 53 54 54 59 58 57 58 58 57 54 53 51 52 53 52 52 52 54 59 57 57 54 53 49 44 42 46 50 43 38 43 45 42 39 40 42 39 40 36 39 39 37 35 33 33 33 33 34 33 34 34 34
20 20 22 25 28 29 30 30 26 28 29 28 29 32 30 36 34 34 37 40 41 41 42 42 43 41 40 39 39 40 40 41 40 41 41 43 43 44 48 48 49 50 54 52 54 52 52 56 58 57 53 51 50 53 49 53 52 51 53 50 51 54 54 55 54 52 50 48 48 42 43 47 41 38 41 41 37 39 37 40 37 36 37 34 36 34 34 33 33 37 36 37 36 38 34 34
19 19 23 26 27 31 25 31 31 26 23 27 33 25 37 34 36 34 37 38 37 38 41 44 41 41 40 39 39 40 39 40 40 40 40 41 42 43 43 46 49 50 54 52 53 52 51 52 54 54 53 54 48 48 48 48 47 51 52 47 50 51 52 52 51 47 45 45 46 43 38 45 40 36 38 38 33 33 36 37 33 32 33 32 33 32 33 33 34 38 41 40 38 35 34 35
24 20 21 25 26 22 26 27 30 31 22 24 26 36 39 39 37 38 35 34 36 36 45 42 42 40 40 39 37 38 39 40 39 40 40 41 41 45 44 47 48 50 52 50 52 51 51 51 51 52 51 49 48 47 44 44 46 49 49 47 47 50 50 48 49 48 44 41 40 41 40 42 39 38 36 34 34 35 31 31 32 32 32 32 34 37 37 38 35 38 40 39 38 36 36 34
24 23 18 18 24 24 29 31 31 30 33 23 29 34 35 35 37 36 36 34 36 39 40 39 40 39 39 38 38 39 38 39 40 38 40 40 44 45 46 49 47 47 48 51 51 51 50 48 48 48 50 56 55 49 46 41 43 47 48 43 45 47 47 43 44 46 48 44 44 38 39 39 36 35 33 32 33 38 32 37 34 31 34 35 37 37 38 35 37 40 42 39 37 38 36 34
26 25 18 18 19 22 25 27 31 32 32 23 31 35 36 33 35 34 34 34 37 40 37 39 36 40 39 39 38 38 37 40 38 37 38 41 42 43 43 44 47 50 51 51 50 49 48 48 47 51 51 55 52 50 50 41 40 44 43 41 44 44 42 42 40 42 41 39 38 36 36 38 34 34 35 36 34 38 37 32 35 31 33 37 40 38 36 38 38 42 42 37 36 37 34 34
22 20 23 18 18 24 24 30 33 29 29 31 24 33 32 30 33 31 33 32 36 36 37 35 35 36 39 39 36 44 35 36 37 40 41 40 41 43 45 44 46 46 50 49 49 47 49 47 48 47 47 50 48 45 43 41 39 40 42 40 41 38 37 39 39 39 39 44 46 41 36 35 34 38 40 39 36 33 36 32 32 31 35 37 37 37 37 37 37 39 40 39 36 34 32 32
24 25 26 19 18 21 24 30 32 36 34 27 25 24 25 27 30 28 34 27 34 37 34 32 34 36 39 38 37 35 35 37 40 42 40 41 42 43 45 43 43 46 45 45 46 45 44 44 47 44 42 48 44 43 39 38 38 39 40 40 40 39 37 38 39 40 42 45 45 41 36 35 36 37 37 40 40 35 36 35 35 34 33 35 34 36 38 37 38 39 40 37 36 35 34 33
21 25 20 26 24 20 31 28 36 34 31 31 32 32 24 24 24 29 29 33 37 35 35 34 36 36 36 35 34 33 35 37 41 42 40 40 42 42 43 42 42 42 43 43 45 43 43 43 45 42 40 39 39 39 39 38 37 38 42 39 37 37 36 37 39 39 40 43 43 39 38 37 34 36 38 40 38 38 36 33 39 36 32 34 35 36 37 35 37 39 37 35 37 37 34 32
25 24 27 24 22 20 21 31 28 30 36 33 31 31 27 25 25 25 34 38 35 34 32 34 27 34 34 34 37 38 39 43 42 43 41 41 40 41 41 40 40 40 41 41 43 43 42 42 43 44 42 42 39 37 38 37 36 42 44 40 39 39 40 37 37 37 39 43 43 40 38 35 36 37 40 36 38 38 36 34 38 34 36 32 36 37 38 36 37 38 38 37 38 36 33 32
26 27 27 20 28 27 19 29 24 33 35 33 30 25 25 23 22 23 29 34 37 37 34 32 36 38 36 37 39 39 38 40 41 41 42 41 39 39 38 38 39 39 39 40 43 42 43 42 43 44 47 43 40 39 33 33 36 39 42 40 40 40 37 36 35 37 39 40 40 35 36 34 38 39 38 39 39 39 36 39 38 37 32 32 35 34 36 38 38 38 38 38 38 38 34 32
23 20 19 27 27 31 19 20 29 33 31 28 25 23 21 21 25 25 25 27 29 35 30 37 37 36 37 36 36 34 37 39 39 38 39 40 40 39 38 38 37 38 38 40 41 41 42 41 41 43 42 41 39 37 35 32 35 36 36 38 37 38 37 39 38 35 38 40 44 35 38 40 37 36 38 38 35 38 38 35 39 36 37 34 35 35 36 37 38 40 42 40 37 36 36 34
22 24 24 27 25 30 23 20 20 28 29 24 27 24 22 23 23 23 23 25 26 30 25 33 35 34 37 35 32 39 38 41 41 41 40 40 41 38 37 37 38 37 37 37 38 39 41 39 40 39 40 39 38 35 34 33 34 36 36 37 36 36 37 35 35 34 36 40 40 36 38 45 38 35 35 35 34 34 34 36 35 35 37 37 32 36 37 37 41 41 40 38 36 34 35 33
25 24 28 27 26 30 31 29 28 21 21 22 22 24 23 23 23 22 22 23 23 27 24 30 29 32 29 34 37 34 38 40 42 43 44 41 42 38 38 38 36 37 37 38 39 38 37 37 39 37 39 38 38 36 35 34 33 35 35 36 36 35 40 37 35 34 36 38 37 36 36 39 39 36 36 35 33 30 34 34 35 38 39 37 34 34 37 37 38 41 37 35 35 35 35 34
32 26 29 27 29 31 29 27 25 23 22 22 22 22 23 23 22 22 23 23 23 23 25 29 34 35 35 36 32 35 37 37 42 44 46 43 43 39 37 37 35 38 36 35 36 37 36 38 39 37 35 37 37 35 32 30 33 33 35 34 34 35 35 37 35 34 38 39 37 36 34 38 36 33 35 36 34 34 31 34 36 35 40 41 36 34 37 39 40 41 40 39 37 37 37 35
25 25 29 28 30 29 25 25 25 23 23 21 22 22 22 21 21 22 22 23 23 23 24 30 29 31 32 32 33 35 34 40 43 46 49 46 44 38 36 36 36 34 37 33 34 37 37 37 34 35 34 37 38 34 30 28 31 30 31 31 31 32 34 36 32 35 38 39 38 35 32 32 32 29 33 36 38 36 33 31 35 37 40 41 37 37 38 39 38 37 37 39 39 35 35 37
26 26 33 27 26 25 25 26 26 25 23 21 23 23 21 22 21 21 21 22 22 23 24 29 30 30 29 34 33 31 33 38 44 48 48 43 41 38 37 37 36 33 34 33 38 40 38 37 36 34 33 32 30 31 30 26 29 29 31 29 31 31 34 34 35 34 36 37 35 35 30 34 30 33 33 34 37 34 32 31 34 37 38 39 40 40 40 38 36 34 34 35 36 35 38 37
26 28 36 32 27 24 23 24 25 25 23 21 23 23 21 21 22 21 22 22 22 22 22 24 29 30 28 30 31 33 36 40 40 41 42 44 43 38 36 36 36 38 37 34 38 38 38 37 37 37 37 36 32 29 28 25 27 29 30 26 27 28 32 31 33 32 32 31 32 34 29 35 31 35 36 38 35 34 31 35 30 36 37 38 40 41 40 38 39 36 34 30 31 34 37 40
28 28 26 25 24 23 22 23 22 23 21 22 25 24 21 21 21 22 22 22 22 22 22 22 22 26 26 30 31 28 32 38 33 41 39 43 40 36 36 36 40 39 38 36 36 36 38 37 36 34 34 33 33 31 28 25 26 28 28 26 28 27 31 28 31 30 27 27 30 29 26 31 34 34 35 35 33 36 35 36 31 34 39 40 42 42 41 36 35 34 33 32 37 38 32 35
27 26 26 24 24 22 23 23 22 21 21 23 26 24 24 20 21 20 21 21 22 22 22 22 22 26 28 31 30 35 37 31 37 39 40 37 36 40 38 37 38 39 38 35 32 37 37 40 38 36 33 32 33 31 29 26 25 26 28 25 26 28 29 29 25 28 28 28 27 25 27 26 33 33 34 34 31 36 34 31 34 36 36 39 40 39 41 37 37 35 30 30 33 32 33 31
27 26 25 25 23 23 28 26 22 23 22 23 26 23 26 25 21 26 25 24 22 22 21 22 22 22 28 29 31 34 36 36 35 33 32 35 41 44 41 38 40 35 36 32 29 35 36 40 39 34 34 32 26 29 26 26 26 25 27 28 26 25 27 26 25 26 26 28 30 30 30 31 32 32 35 36 37 36 34 34 32 33 36 32 35 35 36 36 38 39 35 31 31 34 31 31
25 24 23 24 23 22 25 26 22 26 25 23 26 26 25 22 24 26 25 23 22 22 22 22 22 25 28 27 31 33 37 38 38 35 33 33 43 44 40 38 37 36 34 29 33 41 39 36 36 35 31 29 26 30 26 27 27 28 28 29 29 26 26 26 25 25 26 31 31 30 31 31 34 34 36 34 35 36 31 33 30 33 34 33 35 34 34 36 40 39 34 30 31 29 30 30
23 22 22 22 23 23 27 23 25 28 27 25 27 26 23 25 26 25 24 25 22 21 21 22 21 26 29 30 35 36 36 39 36 30 37 41 43 43 39 40 40 36 35 29 37 39 37 35 33 33 30 29 26 27 28 28 30 29 29 29 28 25 24 26 26 26 26 28 27 31 27 29 31 32 32 35 36 37 37 34 32 34 36 37 34 36 39 36 36 36 33 34 27 30 30 30
22 23 24 23 23 23 27 23 24 26 27 26 27 25 26 26 26 25 26 26 25 20 20 21 20 24 28 30 36 37 35 38 34 35 40 39 37 41 43 40 40 35 33 27 37 36 35 31 32 30 31 29 29 31 29 28 30 29 29 28 27 26 25 21 20 24 26 26 27 29 31 29 32 35 35 38 39 37 32 32 33 36 35 36 38 38 37 39 38 34 34 33 32 26 29 27
24 25 25 24 24 25 25 25 26 27 30 33 30 28 29 27 27 26 25 25 20 23 24 20 22 27 29 34 37 38 36 36 31 35 41 29 38 40 39 40 35 32 30 34 33 34 30 24 24 31 30 32 31 31 29 26 29 29 29 30 29 31 26 22 25 24 24 27 29 29 30 31 30 35 39 39 39 39 36 32 36 33 35 37 35 36 39 38 38 35 31 32 31 27 27 30
24 25 26 24 24 25 23 29 29 29 33 32 31 32 28 28 27 28 25 24 20 24 22 20 22 27 33 35 34 26 31 31 34 42 39 27 35 36 35 39 39 37 25 36 33 31 26 28 29 24 27 33 34 29 29 26 25 29 32 30 29 28 25 25 24 27 26 25 28 29 28 29 31 36 37 39 40 39 38 31 36 36 35 35 38 39 38 36 35 35 31 30 29 34 29 30
23 25 24 24 24 25 27 28 31 31 32 32 29 30 27 23 31 27 26 23 21 22 24 20 24 30 34 36 26 34 35 28 26 26 30 29 38 36 33 37 38 29 32 35 29 24 28 28 27 31 31 33 34 33 29 30 25 30 28 29 27 28 28 25 23 24 28 27 25 29 26 29 29 30 35 41 39 38 35 31 31 36 35 34 35 36 37 35 34 33 32 32 30 32 32 31
29 27 25 24 24 25 24 29 30 30 30 28 27 27 21 20 28 26 22 22 28 28 25 21 23 31 32 34 27 31 38 38 30 28 24 25 35 30 30 32 32 25 31 27 32 26 29 22 29 30 33 33 37 33 30 30 27 24 27 29 28 29 25 26 24 24 26 29 27 25 29 31 33 31 37 41 39 37 36 39 39 39 38 35 38 37 38 36 36 34 33 31 31 34 32 29
30 29 25 23 24 25 25 27 28 28 28 28 26 20 23 26 20 20 25 31 32 35 25 21 24 24 23 25 29 34 38 35 30 31 35 35 24 22 24 28 25 24 27 31 28 24 29 25 26 25 30 31 34 37 31 28 26 24 26 26 28 30 28 26 25 26 25 28 29 27 26 29 29 31 32 36 41 38 40 39 39 36 37 40 37 39 38 36 35 34 34 34 32 34 32 31
28 26 24 23 23 25 26 26 24 27 26 25 21 23 25 27 26 26 28 30 33 34 34 22 22 27 31 26 27 29 35 37 33 36 34 30 27 23 31 26 21 28 23 32 33 30 30 27 24 30 30 31 36 36 31 27 28 25 28 28 30 30 28 26 27 29 30 25 29 30 25 27 30 27 29 32 35 39 41 39 37 40 36 32 36 39 38 36 35 34 35 35 35 35 35 34
30 27 24 23 23 24 22 22 23 24 22 22 23 23 21 23 28 30 25 30 31 34 31 26 22 24 28 28 33 36 32 33 39 35 35 32 30 28 24 31 27 30 28 31 33 33 31 31 28 30 29 33 36 37 31 28 25 27 28 28 29 30 29 28 31 29 31 29 27 30 26 25 27 32 31 29 34 38 37 41 40 41 34 33 34 37 41 40 37 36 35 35 33 32 34 35
