analysis/data/raw_data/dwd_gridded/monthly_precipitation_01_Jan_grids_germany_monthly_precipitation_188201.asc
NCOLS 654
NROWS 866
XLLCORNER 3280414.711633467
YLLCORNER 5237500.62890625
CELLSIZE 1000
NODATA_VALUE -999
[rows 795 to 847 of 866, columns 96 to 191 of 654]
-999 -999 -999 -999 -999 -999 -999 -999 -999 -999 -999 -999 -999 -999 -999 -999 -999 -999 8 9 9 9 9 10 10 10 10 11 11 12 13 15 16 19 25 22 25 27 32 39 38 35 34 33 41 49 50 50 46 38 47 48 44 44 40 40 38 38 38 37 37 36 39 37 36 33 34 35 34 35 32 31 29 28 27 26 26 25 24 27 27 26 26 25 25 24 23 22 21 20 19 18 18 18 17 18
-999 -999 -999 -999 -999 -999 -999 -999 -999 -999 -999 -999 -999 -999 -999 -999 -999 -999 9 9 9 9 9 9 10 10 11 12 12 13 15 17 18 19 21 28 28 34 34 37 41 41 37 41 37 42 45 51 47 41 47 50 47 45 47 44 39 40 41 38 37 41 44 44 39 35 35 36 35 34 32 30 28 27 26 25 26 25 25 25 26 26 26 26 24 24 23 22 21 20 20 20 19 23 20 23
-999 -999 -999 -999 -999 -999 -999 -999 -999 -999 -999 -999 -999 -999 -999 -999 -999 9 9 9 9 9 9 9 10 10 11 12 12 15 17 19 21 24 25 29 30 27 32 36 42 41 40 45 49 42 39 45 49 43 48 46 45 44 46 43 42 39 39 38 43 41 40 41 42 41 37 34 35 33 30 30 28 26 24 24 24 23 23 24 23 25 25 26 26 24 24 23 21 22 23 23 25 23 23 21
-999 -999 -999 -999 -999 -999 -999 -999 -999 -999 -999 -999 -999 -999 -999 -999 -999 9 9 9 9 9 9 10 10 11 11 12 13 17 23 25 26 26 26 22 24 30 33 41 46 44 46 51 57 53 45 38 46 47 50 47 46 44 46 43 42 37 42 42 39 39 38 38 39 39 39 33 35 33 30 29 28 25 22 24 25 24 24 24 23 24 24 25 24 25 23 24 23 24 21 22 25 24 23 22
-999 -999 -999 -999 -999 -999 -999 -999 -999 -999 -999 -999 -999 -999 -999 -999 -999 9 9 9 9 9 9 11 11 12 12 15 15 15 20 20 22 23 20 26 34 29 36 45 48 46 46 50 51 53 52 47 48 51 53 49 48 46 44 46 45 46 41 43 43 42 41 39 39 37 37 35 35 34 31 28 28 26 24 24 25 24 25 25 24 23 25 23 23 24 20 23 21 21 21 25 24 24 22 22
-999 -999 -999 -999 -999 -999 -999 -999 -999 -999 -999 -999 -999 -999 -999 -999 -999 10 10 10 10 10 10 11 12 12 14 17 20 20 20 18 21 19 23 31 39 33 41 46 45 47 45 48 50 50 52 50 44 44 54 56 53 52 52 50 44 45 45 45 43 41 39 40 39 37 35 32 33 31 30 30 29 28 26 25 25 24 24 24 24 22 24 23 23 23 20 22 20 20 22 20 23 21 22 21
-999 -999 -999 -999 -999 -999 -999 -999 -999 -999 -999 -999 -999 -999 -999 -999 -999 10 10 10 10 10 12 12 13 13 16 20 22 21 23 23 22 23 31 31 36 36 39 46 44 45 46 50 46 50 43 48 40 49 55 55 52 56 59 55 48 48 46 45 44 44 46 44 39 40 38 36 33 30 26 27 26 25 24 23 23 23 23 23 22 20 23 22 24 23 17 21 22 21 23 20 22 19 20 21
-999 -999 -999 -999 -999 -999 -999 -999 -999 -999 -999 -999 -999 -999 -999 -999 -999 11 11 11 11 12 12 12 13 15 17 18 23 28 24 25 28 24 26 32 41 45 45 41 41 49 46 41 46 48 43 43 50 56 57 54 57 54 61 56 52 50 46 49 46 48 46 45 44 41 39 36 35 30 27 25 24 20 24 23 23 23 21 24 25 22 21 20 22 20 18 23 21 20 20 20 20 22 21 23
-999 -999 -999 -999 -999 -999 -999 -999 -999 -999 -999 -999 -999 -999 -999 -999 11 12 12 12 12 13 12 14 15 17 21 21 20 26 31 29 28 25 36 34 40 49 49 48 43 42 50 44 41 39 40 47 55 59 59 59 57 55 57 56 49 46 45 48 49 45 45 47 46 44 41 37 35 32 30 26 24 25 24 23 23 23 23 26 26 25 24 20 20 18 17 19 19 19 19 21 23 23 20 23
-999 -999 -999 -999 -999 -999 -999 -999 -999 -999 -999 -999 -999 -999 -999 -999 12 12 12 12 13 14 14 16 18 21 23 22 26 26 25 31 34 30 38 49 52 47 48 40 44 47 50 44 40 48 49 52 52 50 53 64 57 55 55 55 53 49 44 44 47 44 45 44 45 44 42 39 38 35 30 26 24 25 26 27 26 27 27 27 27 27 26 25 24 22 17 21 22 20 21 23 21 24 21 23
-999 -999 -999 -999 -999 -999 -999 -999 -999 -999 -999 -999 -999 -999 -999 -999 12 12 12 12 13 14 16 18 18 20 23 28 27 27 32 33 31 36 42 45 47 44 48 47 45 41 47 44 42 50 50 55 48 53 51 60 59 50 51 57 53 53 48 44 44 44 44 46 46 44 40 35 37 34 30 28 25 23 23 27 27 27 28 29 28 27 27 25 24 23 20 20 18 17 20 23 23 22 22 22
-999 -999 -999 -999 -999 -999 -999 -999 -999 -999 -999 -999 -999 -999 -999 12 13 12 13 15 14 15 16 16 17 21 21 26 29 34 37 39 40 40 42 42 37 45 46 47 42 43 46 41 46 43 50 51 51 48 46 47 51 51 46 53 55 53 51 48 47 44 44 45 44 42 41 39 36 34 29 27 24 24 23 26 28 28 28 29 28 28 25 23 22 24 22 21 20 20 21 24 24 22 22 20
-999 -999 -999 -999 -999 -999 -999 -999 -999 -999 -999 -999 -999 -999 12 13 13 13 13 16 15 16 16 20 25 25 26 31 33 36 36 41 45 41 41 42 45 45 46 46 48 43 45 49 47 44 54 45 55 50 46 36 42 45 45 53 50 53 52 52 50 46 44 42 41 41 39 38 37 35 33 31 28 26 25 27 26 28 28 29 29 29 28 27 24 23 23 22 21 23 25 23 23 22 22 21
-999 -999 -999 -999 -999 -999 -999 -999 -999 -999 -999 -999 -999 -999 13 13 13 13 14 16 16 18 20 21 27 34 36 33 36 37 39 42 44 43 40 42 49 45 46 46 44 46 51 49 49 46 47 52 53 50 45 43 42 42 44 46 48 49 53 49 48 45 44 45 44 40 36 36 36 34 32 32 29 29 28 28 27 26 26 29 29 25 26 27 27 22 24 21 23 23 28 26 -999 -999 -999 20
-999 -999 -999 -999 -999 -999 -999 -999 -999 -999 -999 -999 -999 -999 13 13 13 14 16 18 18 18 22 23 26 31 36 31 32 35 38 38 41 43 42 43 50 49 44 46 45 53 49 52 57 51 46 47 52 50 50 46 46 46 44 43 45 52 55 51 50 46 44 44 44 38 36 35 35 35 32 32 29 30 29 30 30 28 25 26 26 26 27 25 26 24 24 24 22 23 29 29 -999 -999 -999 20
-999 -999 -999 -999 -999 -999 -999 -999 -999 -999 -999 -999 -999 -999 13 14 14 17 17 18 18 20 20 23 27 32 34 30 33 37 39 35 41 44 47 43 49 53 47 41 45 55 57 56 57 53 54 55 57 54 51 52 48 46 44 46 49 49 57 52 53 50 41 44 42 37 38 35 35 35 34 33 31 28 30 32 31 29 30 29 27 26 26 25 26 24 26 24 -999 -999 -999 -999 -999 -999 -999 20
-999 -999 -999 -999 -999 -999 -999 -999 -999 -999 -999 -999 -999 -999 14 14 15 15 17 18 19 18 20 24 29 27 31 30 37 34 35 34 40 41 45 42 49 52 48 43 43 47 47 49 53 56 60 60 60 55 58 52 50 48 47 50 52 52 55 53 52 50 44 42 41 39 38 37 36 34 35 35 34 31 29 32 33 32 31 30 29 29 27 26 24 -999 -999 -999 -999 -999 -999 -999 -999 -999 -999 20
-999 -999 -999 -999 -999 -999 -999 -999 -999 -999 -999 -999 -999 -999 14 15 17 15 17 16 18 20 20 22 27 27 32 32 37 38 36 34 40 38 43 40 48 52 49 43 44 49 49 53 53 54 60 61 60 57 59 55 52 50 50 48 48 49 52 47 46 45 39 42 41 39 39 38 36 35 35 34 35 32 29 32 33 32 33 31 29 27 27 23 -999 -999 -999 -999 -999 -999 -999 -999 -999 -999 -999 -999
-999 -999 -999 -999 -999 -999 -999 -999 -999 -999 -999 -999 -999 -999 -999 15 18 18 16 17 20 21 23 23 23 28 30 30 39 36 36 34 37 36 37 41 46 50 45 40 48 49 51 51 48 51 59 58 59 56 56 53 51 50 52 50 50 51 50 43 45 43 40 37 40 39 38 37 37 36 35 34 34 32 31 33 33 31 32 30 29 26 24 26 -999 -999 -999 -999 -999 -999 -999 -999 -999 -999 -999 -999
-999 -999 -999 -999 -999 -999 -999 -999 -999 -999 -999 -999 -999 -999 -999 16 18 18 18 18 19 20 23 21 24 25 27 34 39 39 36 33 36 36 37 44 46 52 43 37 45 45 44 44 53 54 59 55 52 55 53 53 51 48 53 52 49 51 49 43 46 42 41 39 40 39 36 38 37 36 35 34 33 35 32 34 32 32 32 29 30 24 27 -999 -999 -999 -999 -999 -999 -999 -999 -999 -999 -999 -999 -999
-999 -999 -999 -999 -999 -999 -999 -999 -999 -999 -999 -999 -999 -999 14 17 17 17 20 21 18 19 20 23 23 26 29 38 38 41 37 36 36 34 43 44 42 42 41 39 38 45 47 50 53 53 53 53 47 52 52 51 50 48 50 50 48 46 46 43 46 44 43 40 33 41 38 38 36 35 34 35 33 35 31 34 33 29 32 31 30 27 26 -999 -999 -999 -999 -999 -999 -999 -999 -999 -999 -999 -999 -999
-999 -999 -999 -999 -999 -999 -999 -999 -999 -999 -999 -999 -999 14 16 17 17 17 18 18 17 18 20 21 24 28 34 39 34 38 41 38 36 35 42 40 37 37 34 36 42 47 50 53 51 48 51 49 48 53 51 48 50 48 50 51 47 46 42 46 43 43 42 41 37 40 39 35 36 35 33 33 32 34 30 32 32 30 31 30 26 26 -999 -999 -999 -999 -999 -999 -999 -999 -999 -999 -999 -999 -999 -999
-999 -999 -999 -999 -999 -999 -999 -999 -999 -999 -999 -999 14 16 17 16 17 17 17 17 18 20 19 24 25 26 29 35 34 35 36 36 37 31 38 39 33 32 35 36 44 47 50 50 50 49 45 47 49 52 50 48 49 50 51 51 49 42 43 44 43 41 40 39 38 37 38 35 32 33 34 32 32 33 30 32 31 31 31 28 28 -999 -999 -999 -999 -999 -999 -999 -999 -999 -999 -999 -999 -999 -999 -999
-999 -999 -999 -999 -999 -999 -999 -999 -999 -999 -999 -999 14 17 17 16 17 18 16 16 17 20 21 25 23 28 30 28 29 33 32 35 33 32 35 36 31 32 41 40 42 43 46 45 47 45 43 43 47 49 49 48 48 50 50 51 48 41 45 44 40 40 40 37 35 32 35 36 35 34 33 33 33 31 29 33 32 29 28 27 -999 -999 -999 -999 -999 -999 -999 -999 -999 -999 -999 -999 -999 -999 -999 -999
-999 -999 -999 -999 -999 -999 -999 -999 -999 -999 -999 -999 14 17 16 15 17 17 16 17 18 18 21 23 25 28 29 32 28 28 29 29 29 29 30 35 32 35 40 41 38 38 46 44 43 43 44 44 47 47 47 48 45 48 46 48 47 40 44 42 41 38 39 36 37 35 31 35 35 32 34 34 31 30 32 33 32 32 27 29 -999 -999 -999 -999 -999 -999 -999 -999 -999 -999 -999 -999 -999 -999 -999 -999
-999 -999 -999 -999 -999 -999 -999 -999 -999 -999 -999 -999 14 16 17 15 17 17 17 16 17 17 20 20 24 26 28 30 27 28 28 28 30 28 29 31 29 30 34 36 37 41 42 42 40 43 45 46 45 44 45 48 46 44 46 43 45 39 41 40 39 39 39 39 38 37 35 31 34 35 35 31 28 32 33 32 32 28 31 31 -999 -999 -999 -999 -999 -999 -999 -999 -999 -999 -999 -999 -999 -999 -999 -999
-999 -999 -999 -999 -999 -999 -999 -999 -999 -999 -999 -999 14 17 16 16 16 15 15 16 16 17 18 20 23 24 25 26 28 29 26 32 32 27 32 30 28 31 31 32 34 38 39 36 41 45 45 44 45 43 46 46 46 45 44 43 43 42 41 39 39 36 35 38 35 37 36 31 33 35 35 34 28 32 32 32 28 29 31 31 -999 -999 -999 -999 -999 -999 -999 -999 -999 -999 -999 -999 -999 -999 -999 -999
-999 -999 -999 -999 -999 -999 -999 -999 -999 -999 -999 -999 -999 14 16 14 15 15 16 17 16 17 19 21 23 22 24 25 26 25 28 28 30 27 31 29 29 30 32 31 31 35 33 39 46 46 46 42 42 42 45 45 44 44 42 39 39 41 38 39 39 39 39 37 34 37 35 32 34 34 33 30 27 31 30 30 27 28 30 30 -999 -999 -999 -999 -999 -999 -999 -999 -999 30 29 -999 -999 25 -999 -999
-999 -999 -999 -999 -999 -999 -999 -999 -999 -999 -999 -999 -999 -999 14 14 14 14 15 18 16 16 18 21 22 21 21 23 23 25 26 26 28 26 28 28 30 32 31 29 29 31 33 34 43 44 44 44 43 42 44 43 41 40 40 36 39 38 37 37 39 39 35 39 39 35 33 31 33 33 33 32 28 30 30 27 28 31 30 29 27 -999 -999 -999 -999 -999 -999 -999 -999 29 28 26 25 24 24 -999
-999 -999 -999 -999 -999 -999 -999 -999 -999 -999 -999 -999 -999 -999 -999 14 14 14 14 17 16 16 19 20 19 19 20 21 22 22 24 25 25 26 26 29 31 31 31 30 28 28 31 40 37 42 44 43 41 40 43 41 40 39 38 35 37 37 36 38 37 35 38 36 37 37 33 32 33 29 31 30 28 29 27 27 26 26 27 27 27 27 26 29 32 -999 -999 -999 27 29 26 25 25 24 24 25
-999 -999 -999 -999 -999 -999 -999 -999 -999 -999 -999 -999 -999 -999 -999 -999 14 13 14 14 15 18 18 18 18 19 22 22 23 25 26 26 28 28 30 31 31 30 30 29 27 27 30 40 40 39 38 40 40 41 42 41 39 35 36 32 35 36 37 37 36 34 37 37 36 36 32 29 30 29 28 27 27 28 27 29 29 29 27 27 27 27 32 28 30 30 30 29 28 27 27 26 26 25 24 -999
-999 -999 -999 -999 -999 -999 -999 -999 -999 -999 -999 -999 -999 -999 -999 -999 14 14 14 16 18 19 17 17 20 19 22 22 23 25 26 26 27 28 31 31 30 29 29 30 29 26 29 38 38 37 37 37 36 38 41 40 37 35 35 34 33 37 34 34 33 35 37 37 32 35 34 30 29 30 28 28 28 27 28 28 29 27 27 27 27 27 32 32 30 29 29 -999 -999 29 28 27 25 24 -999 -999
-999 -999 -999 -999 -999 -999 -999 -999 -999 -999 -999 -999 -999 -999 -999 -999 -999 14 15 15 19 19 16 18 21 21 22 22 23 24 25 26 25 26 29 29 29 27 29 29 28 25 27 33 36 36 34 37 37 37 38 39 38 37 36 35 33 32 32 32 30 32 31 31 32 36 32 30 29 29 29 30 28 28 28 27 27 27 26 27 26 29 28 29 29 29 28 -999 -999 -999 28 26 26 24 -999 -999
-999 -999 -999 -999 -999 -999 -999 -999 -999 -999 -999 -999 -999 -999 -999 -999 -999 -999 15 16 17 20 17 18 20 22 23 23 23 23 25 25 25 25 26 27 29 28 25 28 29 25 24 28 34 33 34 36 36 36 35 35 35 35 34 33 32 30 30 31 30 28 29 -999 32 32 31 30 29 29 27 30 32 29 27 27 27 27 27 30 32 34 30 29 29 29 -999 -999 -999 -999 -999 28 24 24 -999 -999
-999 -999 -999 -999 -999 -999 -999 -999 -999 -999 -999 -999 -999 -999 -999 -999 -999 -999 15 16 16 19 17 19 20 23 22 22 22 23 24 25 22 23 24 25 26 26 25 26 28 25 24 29 33 31 32 34 35 35 34 34 34 34 30 31 31 29 28 28 28 28 30 -999 -999 32 -999 -999 -999 -999 28 27 32 30 30 31 32 34 34 33 33 33 33 32 -999 -999 -999 -999 -999 -999 -999 -999 25 -999 -999 -999
-999 -999 -999 -999 -999 -999 -999 -999 -999 -999 -999 -999 -999 -999 -999 -999 -999 -999 16 16 16 -999 -999 -999 20 21 24 22 21 22 24 23 23 23 23 22 22 24 24 24 24 23 24 28 32 32 32 32 29 32 33 32 32 31 31 29 29 28 28 -999 -999 -999 -999 -999 -999 -999 -999 -999 -999 -999 28 -999 -999 31 30 29 30 34 30 30 31 29 29 -999 -999 -999 -999 -999 -999 -999 -999 -999 -999 -999 -999 -999
-999 -999 -999 -999 -999 -999 -999 -999 -999 -999 -999 -999 -999 -999 -999 -999 -999 -999 -999 16 -999 -999 -999 -999 22 24 25 22 24 22 23 22 22 22 -999 -999 -999 -999 -999 -999 -999 22 23 29 31 32 32 31 27 30 31 30 29 29 29 29 28 -999 -999 -999 -999 -999 -999 -999 -999 -999 -999 -999 -999 -999 -999 -999 -999 29 33 33 32 29 28 31 29 27 27 -999 -999 -999 -999 -999 -999 -999 -999 -999 -999 -999 -999 -999
-999 -999 -999 -999 -999 -999 -999 -999 -999 -999 -999 -999 -999 -999 -999 -999 -999 -999 -999 -999 -999 -999 -999 -999 23 24 25 25 22 20 21 21 21 21 -999 -999 -999 -999 -999 -999 -999 22 22 25 27 29 27 29 28 28 28 28 27 27 26 27 -999 -999 -999 -999 -999 -999 -999 -999 -999 -999 -999 -999 -999 -999 -999 -999 28 28 30 30 29 26 26 27 29 26 26 26 -999 -999 -999 -999 -999 -999 -999 -999 -999 -999 -999 -999
-999 -999 -999 -999 -999 -999 -999 -999 -999 -999 -999 -999 -999 -999 -999 -999 -999 -999 -999 -999 -999 19 23 22 20 22 24 24 20 20 20 21 21 -999 -999 -999 -999 -999 -999 -999 -999 22 22 24 24 23 23 25 27 25 26 26 27 25 25 26 -999 -999 -999 -999 -999 -999 -999 -999 -999 -999 -999 -999 -999 -999 -999 -999 -999 -999 -999 -999 -999 -999 -999 -999 -999 -999 -999 -999 -999 -999 -999 -999 -999 -999 -999 -999 -999 -999 -999 -999
-999 -999 -999 -999 -999 -999 -999 -999 -999 -999 -999 -999 -999 -999 -999 -999 -999 -999 -999 -999 -999 -999 18 18 19 21 21 19 19 20 20 21 -999 -999 -999 -999 -999 -999 -999 -999 -999 22 23 23 23 -999 -999 -999 -999 24 24 24 -999 -999 -999 -999 -999 -999 -999 -999 -999 -999 -999 -999 -999 -999 -999 -999 -999 -999 -999 -999 -999 -999 -999 -999 -999 -999 -999 -999 -999 -999 -999 -999 -999 -999 -999 -999 -999 -999 -999 -999 -999 -999 -999 -999
-999 -999 -999 -999 -999 -999 -999 -999 -999 -999 -999 -999 -999 -999 -999 -999 -999 -999 -999 -999 -999 -999 -999 18 18 18 19 19 19 -999 -999 -999 -999 -999 -999 -999 -999 -999 -999 -999 -999 -999 -999 -999 -999 -999 -999 -999 -999 -999 -999 -999 -999 -999 -999 -999 -999 -999 -999 -999 -999 -999 -999 -999 -999 -999 -999 -999 -999 -999 -999 -999 -999 -999 -999 -999 -999 -999 -999 -999 -999 -999 -999 -999 -999 -999 -999 -999 -999 -999 -999 -999 -999 -999 -999 -999
-999 -999 -999 -999 -999 -999 -999 -999 -999 -999 -999 -999 -999 -999 -999 -999 -999 -999 -999 -999 -999 -999 -999 -999 18 18 -999 -999 -999 -999 -999 -999 -999 -999 -999 -999 -999 -999 -999 -999 -999 -999 -999 -999 -999 -999 -999 -999 -999 -999 -999 -999 -999 -999 -999 -999 -999 -999 -999 -999 -999 -999 -999 -999 -999 -999 -999 -999 -999 -999 -999 -999 -999 -999 -999 -999 -999 -999 -999 -999 -999 -999 -999 -999 -999 -999 -999 -999 -999 -999 -999 -999 -999 -999 -999 -999
-999 -999 -999 -999 -999 -999 -999 -999 -999 -999 -999 -999 -999 -999 -999 -999 -999 -999 -999 -999 -999 -999 -999 -999 -999 -999 -999 -999 -999 -999 -999 -999 -999 -999 -999 -999 -999 -999 -999 -999 -999 -999 -999 -999 -999 -999 -999 -999 -999 -999 -999 -999 -999 -999 -999 -999 -999 -999 -999 -999 -999 -999 -999 -999 -999 -999 -999 -999 -999 -999 -999 -999 -999 -999 -999 -999 -999 -999 -999 -999 -999 -999 -999 -999 -999 -999 -999 -999 -999 -999 -999 -999 -999 -999 -999 -999
-999 -999 -999 -999 -999 -999 -999 -999 -999 -999 -999 -999 -999 -999 -999 -999 -999 -999 -999 -999 -999 -999 -999 -999 -999 -999 -999 -999 -999 -999 -999 -999 -999 -999 -999 -999 -999 -999 -999 -999 -999 -999 -999 -999 -999 -999 -999 -999 -999 -999 -999 -999 -999 -999 -999 -999 -999 -999 -999 -999 -999 -999 -999 -999 -999 -999 -999 -999 -999 -999 -999 -999 -999 -999 -999 -999 -999 -999 -999 -999 -999 -999 -999 -999 -999 -999 -999 -999 -999 -999 -999 -999 -999 -999 -999 -999
-999 -999 -999 -999 -999 -999 -999 -999 -999 -999 -999 -999 -999 -999 -999 -999 -999 -999 -999 -999 -999 -999 -999 -999 -999 -999 -999 -999 -999 -999 -999 -999 -999 -999 -999 -999 -999 -999 -999 -999 -999 -999 -999 -999 -999 -999 -999 -999 -999 -999 -999 -999 -999 -999 -999 -999 -999 -999 -999 -999 -999 -999 -999 -999 -999 -999 -999 -999 -999 -999 -999 -999 -999 -999 -999 -999 -999 -999 -999 -999 -999 -999 -999 -999 -999 -999 -999 -999 -999 -999 -999 -999 -999 -999 -999 -999
-999 -999 -999 -999 -999 -999 -999 -999 -999 -999 -999 -999 -999 -999 -999 -999 -999 -999 -999 -999 -999 -999 -999 -999 -999 -999 -999 -999 -999 -999 -999 -999 -999 -999 -999 -999 -999 -999 -999 -999 -999 -999 -999 -999 -999 -999 -999 -999 -999 -999 -999 -999 -999 -999 -999 -999 -999 -999 -999 -999 -999 -999 -999 -999 -999 -999 -999 -999 -999 -999 -999 -999 -999 -999 -999 -999 -999 -999 -999 -999 -999 -999 -999 -999 -999 -999 -999 -999 -999 -999 -999 -999 -999 -999 -999 -999
-999 -999 -999 -999 -999 -999 -999 -999 -999 -999 -999 -999 -999 -999 -999 -999 -999 -999 -999 -999 -999 -999 -999 -999 -999 -999 -999 -999 -999 -999 -999 -999 -999 -999 -999 -999 -999 -999 -999 -999 -999 -999 -999 -999 -999 -999 -999 -999 -999 -999 -999 -999 -999 -999 -999 -999 -999 -999 -999 -999 -999 -999 -999 -999 -999 -999 -999 -999 -999 -999 -999 -999 -999 -999 -999 -999 -999 -999 -999 -999 -999 -999 -999 -999 -999 -999 -999 -999 -999 -999 -999 -999 -999 -999 -999 -999
-999 -999 -999 -999 -999 -999 -999 -999 -999 -999 -999 -999 -999 -999 -999 -999 -999 -999 -999 -999 -999 -999 -999 -999 -999 -999 -999 -999 -999 -999 -999 -999 -999 -999 -999 -999 -999 -999 -999 -999 -999 -999 -999 -999 -999 -999 -999 -999 -999 -999 -999 -999 -999 -999 -999 -999 -999 -999 -999 -999 -999 -999 -999 -999 -999 -999 -999 -999 -999 -999 -999 -999 -999 -999 -999 -999 -999 -999 -999 -999 -999 -999 -999 -999 -999 -999 -999 -999 -999 -999 -999 -999 -999 -999 -999 -999
-999 -999 -999 -999 -999 -999 -999 -999 -999 -999 -999 -999 -999 -999 -999 -999 -999 -999 -999 -999 -999 -999 -999 -999 -999 -999 -999 -999 -999 -999 -999 -999 -999 -999 -999 -999 -999 -999 -999 -999 -999 -999 -999 -999 -999 -999 -999 -999 -999 -999 -999 -999 -999 -999 -999 -999 -999 -999 -999 -999 -999 -999 -999 -999 -999 -999 -999 -999 -999 -999 -999 -999 -999 -999 -999 -999 -999 -999 -999 -999 -999 -999 -999 -999 -999 -999 -999 -999 -999 -999 -999 -999 -999 -999 -999 -999
-999 -999 -999 -999 -999 -999 -999 -999 -999 -999 -999 -999 -999 -999 -999 -999 -999 -999 -999 -999 -999 -999 -999 -999 -999 -999 -999 -999 -999 -999 -999 -999 -999 -999 -999 -999 -999 -999 -999 -999 -999 -999 -999 -999 -999 -999 -999 -999 -999 -999 -999 -999 -999 -999 -999 -999 -999 -999 -999 -999 -999 -999 -999 -999 -999 -999 -999 -999 -999 -999 -999 -999 -999 -999 -999 -999 -999 -999 -999 -999 -999 -999 -999 -999 -999 -999 -999 -999 -999 -999 -999 -999 -999 -999 -999 -999
-999 -999 -999 -999 -999 -999 -999 -999 -999 -999 -999 -999 -999 -999 -999 -999 -999 -999 -999 -999 -999 -999 -999 -999 -999 -999 -999 -999 -999 -999 -999 -999 -999 -999 -999 -999 -999 -999 -999 -999 -999 -999 -999 -999 -999 -999 -999 -999 -999 -999 -999 -999 -999 -999 -999 -999 -999 -999 -999 -999 -999 -999 -999 -999 -999 -999 -999 -999 -999 -999 -999 -999 -999 -999 -999 -999 -999 -999 -999 -999 -999 -999 -999 -999 -999 -999 -999 -999 -999 -999 -999 -999 -999 -999 -999 -999
-999 -999 -999 -999 -999 -999 -999 -999 -999 -999 -999 -999 -999 -999 -999 -999 -999 -999 -999 -999 -999 -999 -999 -999 -999 -999 -999 -999 -999 -999 -999 -999 -999 -999 -999 -999 -999 -999 -999 -999 -999 -999 -999 -999 -999 -999 -999 -999 -999 -999 -999 -999 -999 -999 -999 -999 -999 -999 -999 -999 -999 -999 -999 -999 -999 -999 -999 -999 -999 -999 -999 -999 -999 -999 -999 -999 -999 -999 -999 -999 -999 -999 -999 -999 -999 -999 -999 -999 -999 -999 -999 -999 -999 -999 -999 -999
-999 -999 -999 -999 -999 -999 -999 -999 -999 -999 -999 -999 -999 -999 -999 -999 -999 -999 -999 -999 -999 -999 -999 -999 -999 -999 -999 -999 -999 -999 -999 -999 -999 -999 -999 -999 -999 -999 -999 -999 -999 -999 -999 -999 -999 -999 -999 -999 -999 -999 -999 -999 -999 -999 -999 -999 -999 -999 -999 -999 -999 -999 -999 -999 -999 -999 -999 -999 -999 -999 -999 -999 -999 -999 -999 -999 -999 -999 -999 -999 -999 -999 -999 -999 -999 -999 -999 -999 -999 -999 -999 -999 -999 -999 -999 -999
