analysis/data/raw_data/dwd_gridded/monthly_air_temperature_min_01_Jan_grids_germany_monthly_air_temp_min_190101.asc_3
NCOLS 654
NROWS 866
XLLCORNER 3280414.711633467
YLLCORNER 5237500.62890625
CELLSIZE 1000
NODATA_VALUE -999
[rows 287 to 327 of 866, columns 188 to 281 of 654]
-68 -68 -68 -68 -68 -69 -68 -68 -68 -68 -68 -69 -69 -69 -69 -69 -69 -69 -70 -70 -70 -70 -70 -70 -71 -70 -70 -70 -70 -70 -71 -71 -71 -71 -70 -71 -71 -71 -71 -71 -71 -71 -71 -69 -70 -70 -70 -70 -70 -70 -70 -70 -70 -70 -70 -69 -69 -69 -68 -68 -67 -67 -66 -66 -65 -65 -65 -65 -64 -64 -64 -64 -63 -63 -63 -62 -62 -62 -62 -62 -62 -62 -63 -62 -62 -62 -63 -62 -64 -64 -65 -65 -65 -66
-69 -68 -68 -68 -68 -68 -68 -68 -68 -69 -69 -69 -70 -69 -69 -69 -69 -69 -70 -70 -70 -70 -70 -70 -70 -70 -70 -70 -71 -70 -70 -71 -71 -71 -71 -71 -71 -71 -71 -71 -71 -71 -71 -70 -70 -70 -70 -70 -70 -70 -70 -70 -70 -70 -69 -69 -69 -69 -68 -67 -67 -67 -66 -65 -65 -65 -65 -64 -64 -64 -64 -63 -63 -63 -62 -61 -61 -61 -63 -62 -62 -62 -62 -62 -62 -62 -62 -63 -64 -63 -64 -65 -65 -66
-68 -68 -68 -69 -68 -68 -68 -69 -68 -68 -70 -69 -70 -69 -69 -69 -69 -69 -70 -70 -70 -70 -70 -70 -70 -70 -70 -70 -70 -70 -70 -71 -71 -71 -71 -71 -71 -72 -72 -72 -71 -71 -70 -71 -71 -71 -71 -70 -70 -70 -70 -70 -70 -70 -69 -69 -69 -68 -68 -67 -67 -66 -66 -65 -65 -65 -64 -64 -64 -63 -63 -63 -63 -62 -62 -61 -61 -62 -61 -61 -62 -61 -61 -61 -62 -62 -62 -63 -63 -63 -63 -64 -65 -65
-68 -69 -69 -69 -68 -69 -69 -69 -69 -69 -70 -70 -70 -70 -69 -69 -69 -69 -71 -70 -71 -70 -70 -70 -70 -70 -70 -70 -71 -70 -70 -69 -69 -71 -71 -71 -71 -72 -72 -72 -70 -71 -71 -71 -72 -74 -71 -71 -71 -70 -70 -70 -69 -69 -69 -69 -68 -69 -68 -67 -68 -66 -66 -65 -65 -64 -64 -64 -63 -63 -63 -62 -62 -62 -61 -62 -61 -61 -61 -61 -60 -61 -61 -61 -61 -61 -61 -61 -62 -63 -62 -63 -64 -65
-69 -68 -69 -69 -68 -69 -69 -70 -70 -70 -70 -69 -70 -69 -69 -69 -69 -69 -70 -70 -71 -70 -70 -70 -70 -70 -70 -70 -71 -70 -70 -70 -70 -70 -71 -71 -71 -71 -71 -71 -71 -71 -71 -71 -72 -75 -72 -71 -70 -70 -70 -69 -69 -69 -69 -68 -69 -69 -67 -68 -67 -66 -66 -65 -65 -65 -64 -63 -62 -62 -62 -62 -61 -61 -61 -60 -60 -60 -61 -61 -59 -60 -60 -60 -59 -60 -60 -61 -60 -61 -63 -63 -63 -64
-68 -69 -69 -68 -69 -68 -68 -69 -70 -70 -70 -70 -69 -70 -69 -69 -69 -69 -70 -70 -70 -70 -70 -71 -71 -70 -70 -70 -70 -70 -70 -70 -70 -70 -70 -70 -71 -71 -71 -71 -71 -71 -71 -71 -72 -72 -71 -71 -70 -70 -69 -69 -69 -69 -68 -69 -69 -69 -67 -66 -66 -66 -65 -65 -65 -65 -64 -62 -62 -62 -62 -61 -61 -62 -60 -60 -60 -60 -59 -60 -59 -59 -59 -59 -59 -59 -59 -60 -60 -61 -62 -63 -63 -63
-68 -69 -68 -69 -69 -69 -69 -69 -69 -69 -70 -70 -70 -70 -70 -69 -70 -69 -70 -71 -70 -71 -71 -71 -70 -71 -70 -71 -70 -70 -70 -70 -70 -70 -71 -71 -71 -71 -71 -71 -71 -71 -71 -71 -71 -72 -72 -71 -71 -70 -69 -69 -69 -69 -69 -69 -69 -67 -67 -66 -66 -66 -65 -65 -65 -64 -63 -63 -62 -62 -61 -61 -61 -61 -60 -60 -60 -59 -59 -59 -59 -58 -58 -58 -59 -59 -59 -59 -61 -61 -62 -62 -63 -63
-69 -69 -69 -69 -69 -69 -69 -69 -69 -69 -69 -70 -70 -69 -69 -69 -71 -70 -71 -71 -70 -71 -71 -70 -71 -71 -70 -71 -70 -70 -70 -70 -70 -70 -71 -71 -71 -70 -71 -71 -70 -71 -71 -71 -71 -71 -72 -72 -71 -70 -70 -70 -69 -68 -68 -68 -67 -67 -67 -66 -66 -65 -65 -65 -64 -64 -63 -63 -62 -62 -61 -62 -60 -61 -60 -59 -59 -59 -58 -58 -58 -57 -58 -57 -58 -58 -58 -59 -59 -61 -61 -62 -62 -63
-69 -69 -68 -69 -69 -69 -69 -70 -70 -69 -70 -70 -70 -70 -69 -71 -71 -71 -70 -70 -71 -71 -70 -70 -71 -71 -71 -71 -70 -70 -70 -70 -69 -70 -70 -71 -71 -71 -70 -70 -70 -71 -71 -71 -71 -72 -71 -70 -70 -70 -70 -69 -68 -68 -68 -67 -67 -67 -66 -66 -65 -65 -65 -64 -64 -64 -63 -62 -62 -62 -61 -61 -60 -60 -59 -59 -58 -58 -58 -57 -57 -57 -57 -57 -57 -57 -58 -58 -58 -60 -61 -62 -62 -63
-69 -69 -69 -69 -69 -69 -70 -70 -70 -70 -70 -70 -70 -69 -70 -71 -71 -71 -71 -71 -71 -71 -71 -71 -71 -71 -71 -71 -70 -70 -70 -70 -70 -70 -70 -71 -71 -71 -71 -71 -71 -71 -71 -71 -71 -71 -70 -70 -70 -69 -69 -68 -68 -68 -68 -67 -67 -67 -66 -65 -65 -65 -65 -64 -64 -64 -63 -62 -62 -62 -61 -60 -60 -60 -59 -58 -58 -58 -57 -56 -56 -56 -56 -56 -56 -56 -58 -59 -59 -60 -61 -62 -62 -62
-69 -69 -69 -69 -69 -69 -70 -70 -70 -70 -70 -70 -70 -70 -71 -71 -71 -71 -71 -71 -71 -71 -71 -71 -71 -71 -71 -70 -70 -70 -70 -70 -70 -70 -70 -71 -70 -70 -71 -71 -71 -71 -71 -71 -71 -71 -70 -70 -69 -69 -68 -68 -68 -68 -68 -68 -68 -67 -66 -65 -65 -65 -65 -64 -65 -63 -63 -62 -62 -62 -61 -61 -60 -61 -60 -59 -59 -58 -58 -56 -56 -56 -55 -56 -56 -56 -58 -59 -59 -60 -60 -61 -62 -62
-69 -69 -69 -69 -70 -70 -70 -70 -70 -70 -70 -70 -70 -70 -71 -71 -71 -71 -71 -71 -71 -71 -71 -71 -71 -71 -71 -70 -70 -70 -70 -70 -70 -70 -70 -71 -70 -71 -71 -71 -71 -71 -71 -71 -70 -70 -70 -70 -70 -68 -68 -68 -68 -68 -68 -68 -68 -67 -66 -66 -66 -65 -64 -64 -63 -64 -63 -62 -62 -62 -62 -62 -61 -61 -60 -60 -60 -58 -56 -56 -56 -55 -55 -55 -56 -56 -57 -58 -59 -60 -61 -61 -62 -63
-69 -69 -69 -70 -70 -70 -70 -70 -70 -70 -70 -70 -70 -70 -71 -71 -71 -71 -71 -71 -71 -71 -71 -71 -71 -71 -71 -71 -70 -70 -70 -70 -70 -70 -70 -70 -71 -71 -71 -71 -71 -71 -71 -70 -70 -70 -70 -69 -69 -68 -69 -69 -69 -69 -68 -68 -68 -68 -66 -65 -65 -65 -64 -63 -63 -63 -62 -62 -63 -63 -62 -62 -62 -61 -60 -60 -59 -58 -57 -57 -56 -55 -55 -56 -55 -57 -57 -58 -59 -60 -60 -61 -62 -63
-69 -69 -69 -71 -70 -70 -70 -70 -70 -70 -70 -70 -70 -70 -71 -71 -71 -71 -71 -71 -71 -71 -71 -71 -71 -71 -71 -71 -70 -70 -70 -70 -70 -70 -70 -70 -71 -70 -71 -71 -71 -71 -71 -70 -70 -70 -70 -69 -69 -69 -69 -69 -69 -69 -68 -68 -68 -68 -66 -66 -65 -65 -64 -63 -63 -64 -62 -62 -62 -63 -62 -62 -62 -61 -60 -59 -59 -59 -57 -56 -55 -56 -55 -55 -56 -56 -57 -59 -59 -59 -60 -62 -62 -62
-69 -69 -69 -70 -70 -70 -70 -70 -70 -70 -70 -70 -70 -70 -71 -71 -71 -71 -71 -71 -71 -71 -71 -71 -71 -71 -71 -70 -70 -70 -70 -70 -70 -70 -70 -70 -70 -70 -71 -70 -71 -71 -71 -70 -70 -70 -69 -69 -69 -69 -69 -69 -69 -69 -69 -68 -68 -68 -67 -66 -65 -65 -64 -63 -63 -63 -63 -64 -63 -63 -62 -62 -62 -62 -62 -60 -59 -58 -57 -57 -55 -55 -55 -56 -56 -57 -57 -58 -59 -61 -60 -61 -62 -62
-69 -69 -70 -70 -70 -70 -70 -71 -70 -70 -70 -70 -71 -71 -71 -71 -71 -71 -71 -71 -71 -71 -71 -71 -71 -71 -71 -71 -70 -70 -70 -70 -70 -71 -71 -70 -70 -70 -70 -70 -70 -71 -71 -70 -70 -70 -70 -69 -69 -69 -69 -70 -69 -69 -69 -68 -68 -67 -67 -67 -66 -66 -65 -65 -63 -63 -64 -64 -64 -63 -62 -62 -61 -63 -61 -60 -59 -58 -57 -57 -57 -55 -56 -55 -56 -57 -57 -58 -60 -61 -61 -61 -62 -63
-69 -69 -69 -70 -70 -70 -70 -70 -70 -70 -70 -71 -71 -71 -71 -71 -71 -71 -71 -71 -71 -71 -71 -71 -71 -71 -71 -70 -70 -70 -70 -70 -71 -71 -70 -70 -70 -71 -71 -71 -70 -71 -71 -70 -70 -70 -69 -69 -69 -69 -70 -72 -72 -73 -69 -68 -68 -71 -69 -66 -66 -66 -65 -65 -64 -63 -64 -63 -63 -63 -62 -62 -61 -63 -60 -59 -59 -59 -58 -57 -57 -56 -56 -56 -57 -56 -58 -60 -60 -61 -60 -61 -62 -62
-69 -69 -70 -70 -70 -70 -70 -70 -70 -70 -71 -71 -71 -71 -71 -71 -71 -71 -71 -71 -71 -71 -71 -71 -71 -71 -71 -70 -70 -70 -70 -70 -71 -70 -71 -70 -70 -71 -71 -71 -70 -71 -70 -70 -70 -70 -70 -70 -70 -70 -72 -72 -72 -71 -70 -68 -68 -70 -70 -69 -68 -67 -67 -65 -65 -65 -64 -62 -63 -63 -62 -61 -61 -62 -60 -59 -59 -59 -58 -56 -57 -57 -56 -57 -56 -57 -58 -60 -60 -60 -61 -62 -62 -62
-69 -69 -70 -70 -70 -70 -70 -70 -70 -71 -71 -71 -71 -71 -71 -71 -71 -71 -71 -71 -71 -71 -71 -71 -71 -71 -71 -70 -70 -70 -70 -70 -71 -71 -70 -71 -70 -70 -71 -71 -71 -71 -71 -70 -71 -71 -71 -70 -70 -71 -72 -72 -71 -70 -72 -69 -69 -71 -73 -73 -71 -68 -67 -66 -65 -65 -64 -64 -62 -63 -63 -65 -61 -61 -61 -60 -60 -59 -59 -58 -58 -57 -57 -57 -58 -58 -59 -59 -60 -60 -61 -63 -63 -62
-69 -69 -70 -70 -70 -71 -73 -72 -76 -72 -71 -71 -71 -72 -72 -72 -72 -72 -72 -71 -70 -71 -71 -71 -71 -71 -70 -70 -70 -70 -70 -70 -71 -70 -71 -71 -70 -70 -71 -71 -71 -71 -72 -71 -71 -71 -72 -72 -72 -72 -75 -72 -71 -70 -70 -68 -69 -70 -74 -76 -74 -70 -68 -67 -66 -65 -65 -64 -64 -63 -64 -64 -63 -61 -61 -61 -60 -60 -59 -59 -59 -59 -59 -57 -59 -59 -59 -60 -60 -62 -62 -63 -62 -63
-69 -69 -71 -71 -73 -74 -80 -80 -82 -82 -79 -74 -73 -73 -72 -72 -72 -71 -71 -72 -71 -71 -70 -70 -71 -71 -70 -70 -70 -70 -70 -70 -70 -70 -70 -70 -71 -71 -71 -71 -71 -72 -72 -72 -72 -73 -73 -73 -74 -76 -75 -72 -71 -71 -71 -69 -69 -71 -73 -78 -75 -75 -71 -68 -68 -66 -66 -64 -64 -64 -63 -65 -65 -63 -61 -61 -61 -60 -60 -60 -60 -59 -60 -59 -60 -60 -60 -60 -61 -61 -62 -62 -63 -63
-70 -70 -72 -74 -76 -81 -78 -78 -76 -76 -76 -79 -78 -75 -73 -72 -72 -72 -71 -72 -71 -71 -71 -70 -71 -71 -70 -70 -70 -70 -70 -70 -70 -70 -71 -71 -71 -71 -71 -71 -72 -72 -73 -74 -74 -74 -75 -75 -75 -78 -74 -72 -72 -71 -69 -69 -69 -71 -72 -77 -77 -76 -73 -73 -68 -68 -66 -65 -65 -65 -65 -64 -64 -64 -62 -61 -61 -61 -60 -60 -60 -60 -60 -60 -60 -60 -60 -61 -61 -61 -62 -63 -64 -64
-71 -74 -72 -78 -81 -82 -77 -75 -75 -75 -75 -75 -76 -79 -77 -73 -72 -72 -72 -71 -71 -71 -71 -70 -71 -70 -70 -70 -70 -70 -70 -70 -70 -70 -70 -71 -71 -71 -71 -72 -73 -75 -77 -77 -77 -77 -76 -78 -78 -80 -74 -72 -72 -73 -72 -69 -69 -71 -71 -73 -78 -79 -78 -75 -73 -69 -67 -67 -65 -66 -65 -64 -63 -63 -62 -62 -61 -61 -61 -61 -60 -61 -61 -61 -60 -61 -61 -61 -61 -62 -63 -63 -64 -64
-74 -77 -80 -82 -77 -76 -77 -75 -75 -76 -76 -76 -75 -76 -77 -81 -76 -73 -73 -72 -72 -72 -71 -72 -71 -71 -71 -71 -70 -70 -70 -70 -70 -71 -70 -71 -71 -71 -71 -72 -74 -77 -77 -80 -79 -81 -82 -82 -82 -81 -74 -72 -72 -73 -72 -69 -69 -70 -71 -71 -72 -77 -81 -78 -75 -73 -70 -68 -67 -67 -65 -65 -65 -63 -63 -63 -63 -62 -62 -62 -62 -61 -62 -62 -62 -62 -62 -62 -62 -62 -63 -63 -65 -66
-79 -78 -77 -76 -76 -75 -75 -77 -75 -75 -74 -75 -75 -76 -75 -74 -76 -80 -74 -75 -74 -73 -73 -75 -71 -71 -71 -71 -71 -71 -70 -71 -71 -71 -71 -71 -72 -72 -71 -73 -76 -78 -80 -81 -83 -84 -83 -79 -77 -74 -72 -72 -73 -72 -71 -70 -69 -70 -69 -71 -73 -73 -73 -76 -79 -76 -74 -73 -69 -67 -67 -65 -65 -65 -64 -65 -66 -65 -62 -63 -63 -62 -62 -62 -63 -63 -62 -63 -63 -63 -63 -65 -65 -65
-75 -75 -74 -75 -75 -74 -75 -76 -74 -74 -73 -74 -74 -75 -75 -73 -74 -75 -76 -76 -79 -80 -78 -73 -73 -71 -71 -71 -71 -72 -72 -71 -72 -71 -71 -74 -74 -73 -72 -74 -75 -80 -83 -80 -79 -79 -76 -75 -74 -74 -72 -74 -73 -72 -72 -70 -70 -69 -70 -70 -72 -74 -74 -74 -78 -79 -79 -77 -75 -71 -68 -66 -66 -65 -66 -65 -68 -65 -64 -63 -63 -63 -63 -63 -64 -63 -63 -63 -63 -63 -64 -65 -65 -65
-73 -74 -74 -74 -75 -74 -75 -75 -74 -74 -73 -74 -74 -74 -74 -74 -74 -72 -73 -73 -73 -72 -71 -71 -77 -73 -77 -77 -77 -76 -75 -73 -73 -72 -71 -72 -75 -76 -72 -74 -79 -78 -77 -75 -75 -74 -74 -73 -74 -74 -74 -74 -74 -73 -74 -71 -70 -70 -70 -71 -71 -71 -73 -74 -76 -76 -78 -79 -79 -77 -74 -72 -69 -67 -66 -66 -65 -64 -65 -63 -63 -63 -64 -64 -63 -63 -64 -63 -63 -64 -65 -65 -65 -65
-73 -74 -74 -74 -74 -75 -76 -74 -74 -73 -73 -74 -75 -75 -74 -73 -73 -72 -72 -73 -71 -71 -71 -71 -71 -71 -74 -76 -76 -76 -77 -77 -77 -75 -73 -72 -73 -73 -72 -75 -76 -75 -74 -74 -73 -73 -73 -74 -75 -75 -77 -77 -76 -77 -74 -74 -72 -71 -70 -71 -72 -73 -74 -74 -75 -78 -79 -79 -73 -73 -72 -73 -76 -72 -70 -67 -66 -65 -65 -65 -64 -64 -64 -65 -65 -65 -64 -64 -64 -65 -66 -65 -66 -66
-72 -72 -74 -75 -74 -75 -76 -76 -74 -74 -73 -73 -73 -74 -74 -74 -73 -73 -72 -72 -71 -71 -71 -72 -71 -73 -74 -74 -74 -73 -73 -75 -77 -77 -76 -76 -75 -74 -73 -72 -74 -74 -74 -75 -75 -74 -75 -76 -77 -77 -77 -78 -80 -77 -80 -77 -74 -72 -72 -72 -73 -72 -74 -75 -78 -77 -79 -80 -71 -70 -70 -70 -72 -70 -70 -70 -68 -67 -65 -65 -65 -65 -64 -65 -65 -64 -65 -65 -66 -66 -66 -66 -67 -67
-73 -71 -73 -74 -74 -74 -75 -75 -74 -73 -73 -73 -73 -73 -73 -73 -73 -72 -71 -72 -71 -71 -71 -72 -72 -73 -74 -75 -74 -73 -73 -73 -73 -75 -75 -76 -82 -77 -77 -74 -77 -76 -79 -77 -77 -76 -75 -76 -77 -79 -80 -80 -81 -81 -80 -78 -75 -75 -73 -72 -73 -74 -72 -73 -77 -78 -79 -80 -71 -70 -69 -69 -69 -69 -68 -68 -68 -68 -67 -65 -66 -65 -65 -65 -65 -64 -65 -66 -66 -66 -66 -67 -67 -67
-72 -72 -73 -73 -73 -74 -74 -74 -74 -74 -75 -73 -73 -72 -72 -72 -73 -72 -73 -72 -72 -71 -72 -72 -72 -72 -73 -74 -74 -73 -73 -72 -72 -73 -75 -73 -72 -73 -73 -73 -73 -74 -74 -75 -82 -82 -81 -80 -78 -76 -79 -80 -77 -78 -81 -80 -80 -75 -73 -73 -72 -75 -71 -72 -73 -74 -73 -77 -69 -69 -69 -69 -68 -69 -68 -67 -68 -67 -67 -67 -65 -65 -65 -65 -65 -65 -65 -66 -66 -66 -67 -67 -68 -67
-71 -72 -72 -72 -73 -73 -73 -73 -73 -72 -72 -72 -72 -73 -73 -73 -73 -73 -73 -73 -73 -73 -73 -74 -73 -73 -72 -72 -73 -73 -72 -71 -72 -72 -71 -71 -70 -71 -70 -71 -71 -71 -71 -72 -72 -74 -75 -74 -73 -77 -77 -80 -77 -77 -81 -81 -82 -75 -75 -73 -72 -72 -70 -70 -71 -71 -71 -70 -71 -70 -69 -68 -68 -68 -68 -68 -67 -67 -67 -67 -66 -66 -67 -66 -66 -65 -66 -66 -67 -67 -67 -68 -68 -68
-71 -71 -72 -74 -75 -74 -73 -75 -74 -73 -75 -75 -75 -75 -74 -75 -74 -75 -75 -75 -76 -75 -72 -76 -75 -74 -74 -71 -72 -72 -72 -71 -72 -72 -72 -72 -72 -72 -71 -71 -71 -71 -71 -71 -71 -72 -71 -71 -77 -77 -74 -74 -78 -76 -80 -80 -80 -80 -79 -76 -74 -72 -71 -70 -70 -71 -71 -70 -72 -77 -71 -70 -69 -69 -68 -68 -68 -68 -67 -68 -68 -67 -66 -66 -67 -66 -66 -67 -68 -68 -68 -68 -70 -68
-72 -71 -72 -74 -74 -74 -75 -76 -74 -74 -75 -76 -77 -77 -76 -75 -76 -76 -77 -75 -77 -78 -73 -75 -75 -74 -71 -71 -72 -72 -72 -72 -72 -72 -72 -72 -72 -72 -72 -71 -71 -71 -71 -71 -71 -71 -71 -71 -71 -72 -72 -72 -72 -74 -77 -76 -81 -82 -84 -79 -76 -72 -71 -70 -70 -73 -72 -70 -72 -73 -78 -72 -70 -70 -70 -69 -69 -69 -67 -67 -67 -67 -67 -68 -67 -66 -66 -68 -67 -68 -68 -68 -70 -70
-71 -72 -73 -74 -74 -74 -76 -77 -75 -76 -75 -76 -77 -78 -77 -76 -77 -78 -77 -76 -79 -76 -72 -72 -74 -72 -75 -76 -73 -74 -73 -71 -73 -72 -72 -72 -72 -72 -72 -71 -72 -73 -71 -71 -71 -71 -71 -71 -71 -71 -71 -72 -72 -73 -72 -72 -77 -84 -83 -76 -73 -74 -71 -71 -70 -70 -70 -71 -76 -77 -77 -80 -72 -70 -70 -69 -69 -68 -68 -68 -66 -66 -68 -66 -66 -67 -67 -68 -68 -68 -68 -68 -69 -68
-72 -73 -73 -74 -74 -76 -76 -78 -75 -75 -76 -77 -76 -77 -78 -79 -79 -80 -79 -76 -78 -75 -75 -74 -74 -74 -75 -74 -76 -78 -78 -75 -75 -74 -74 -73 -72 -73 -73 -75 -78 -77 -78 -74 -71 -71 -71 -71 -71 -71 -71 -73 -72 -72 -72 -73 -75 -78 -82 -79 -75 -72 -71 -71 -70 -71 -73 -76 -79 -79 -78 -75 -75 -71 -71 -70 -70 -69 -69 -68 -68 -68 -68 -67 -67 -67 -68 -68 -68 -68 -69 -68 -69 -68
-73 -73 -74 -74 -75 -75 -76 -77 -76 -75 -79 -78 -78 -79 -79 -79 -80 -82 -78 -79 -76 -76 -78 -82 -78 -74 -76 -76 -74 -75 -75 -77 -76 -75 -76 -76 -75 -74 -74 -76 -80 -82 -83 -80 -74 -73 -71 -71 -71 -71 -71 -71 -73 -73 -75 -74 -75 -74 -75 -75 -73 -72 -72 -71 -72 -71 -71 -73 -73 -75 -78 -80 -74 -78 -72 -72 -71 -70 -70 -70 -70 -70 -68 -68 -69 -69 -70 -70 -71 -70 -69 -69 -70 -71
-73 -73 -73 -75 -75 -74 -75 -76 -77 -75 -78 -79 -82 -82 -79 -79 -78 -77 -76 -76 -76 -75 -79 -83 -79 -76 -75 -77 -76 -76 -79 -77 -81 -76 -76 -75 -74 -74 -76 -77 -81 -81 -79 -80 -78 -74 -72 -71 -71 -71 -71 -71 -72 -75 -73 -74 -77 -76 -74 -73 -72 -71 -71 -72 -72 -73 -72 -72 -73 -73 -74 -75 -74 -80 -78 -78 -72 -71 -71 -70 -69 -69 -68 -69 -69 -69 -70 -74 -77 -72 -70 -70 -71 -73
-72 -73 -74 -75 -75 -76 -74 -76 -76 -75 -77 -78 -79 -80 -78 -77 -78 -77 -77 -76 -76 -77 -76 -79 -80 -78 -79 -76 -78 -76 -78 -81 -82 -78 -77 -76 -75 -75 -77 -76 -81 -82 -78 -77 -75 -74 -74 -72 -71 -71 -71 -71 -71 -73 -73 -73 -77 -74 -78 -76 -73 -71 -71 -72 -72 -74 -73 -72 -71 -73 -73 -77 -80 -80 -80 -81 -76 -72 -72 -71 -70 -69 -70 -69 -70 -69 -71 -70 -76 -76 -72 -71 -71 -75
-73 -74 -74 -75 -75 -76 -76 -75 -76 -75 -76 -77 -79 -78 -79 -79 -77 -76 -77 -76 -77 -78 -77 -78 -80 -79 -77 -76 -81 -82 -78 -79 -81 -80 -79 -78 -76 -76 -77 -78 -81 -81 -82 -80 -82 -80 -76 -74 -73 -73 -73 -72 -71 -71 -72 -72 -74 -75 -74 -78 -72 -72 -72 -73 -73 -74 -74 -74 -73 -74 -74 -76 -79 -84 -82 -80 -81 -74 -71 -71 -70 -70 -70 -70 -71 -72 -72 -73 -75 -77 -76 -74 -72 -75
-74 -75 -75 -75 -76 -75 -76 -75 -75 -74 -75 -77 -80 -77 -76 -77 -76 -76 -77 -78 -79 -80 -81 -79 -81 -79 -78 -77 -78 -83 -82 -79 -79 -82 -79 -77 -79 -78 -76 -78 -80 -81 -86 -84 -81 -79 -76 -75 -74 -73 -73 -74 -73 -72 -71 -71 -71 -72 -77 -73 -72 -72 -74 -73 -73 -74 -74 -75 -75 -74 -73 -74 -76 -80 -77 -75 -76 -72 -71 -70 -71 -71 -70 -71 -71 -72 -71 -72 -74 -76 -75 -77 -74 -74
