analysis/data/raw_data/dwd_gridded/monthly_air_temperature_min_01_Jan_grids_germany_monthly_air_temp_min_190701.asc
NCOLS 654
NROWS 866
XLLCORNER 3280414.711633467
YLLCORNER 5237500.62890625
CELLSIZE 1000
NODATA_VALUE -999
[rows 672 to 713 of 866, columns 475 to 569 of 654]
-43 -43 -43 -43 -43 -43 -45 -44 -45 -44 -44 -46 -47 -46 -45 -50 -46 -45 -46 -50 -52 -52 -49 -50 -50 -55 -61 -66 -62 -60 -69 -61 -59 -64 -60 -57 -54 -56 -63 -67 -63 -60 -60 -56 -58 -55 -58 -61 -62 -61 -60 -58 -57 -57 -59 -63 -66 -67 -70 -67 -65 -63 -62 -61 -62 -63 -63 -63 -62 -65 -61 -64 -70 -72 -71 -71 -75 -68 -63 -62 -65 -63 -65 -64 -67 -999 -999 -999 -999 -999 -999 -999 -999 -999 -999
-42 -43 -43 -43 -43 -43 -44 -44 -45 -44 -44 -45 -47 -45 -46 -50 -47 -45 -46 -48 -50 -50 -48 -48 -48 -52 -55 -62 -59 -55 -63 -63 -60 -66 -61 -58 -55 -57 -59 -67 -64 -64 -64 -58 -57 -57 -57 -58 -61 -58 -58 -57 -58 -57 -58 -59 -65 -67 -66 -63 -66 -63 -62 -60 -63 -64 -63 -62 -61 -61 -60 -61 -63 -68 -67 -67 -72 -69 -63 -61 -66 -61 -63 -63 -65 -999 -999 -999 -999 -999 -999 -999 -999 -999 -999
-42 -42 -43 -43 -43 -43 -43 -43 -43 -43 -44 -44 -45 -45 -44 -48 -46 -46 -45 -48 -48 -49 -48 -46 -47 -52 -51 -57 -52 -51 -57 -57 -56 -67 -65 -60 -53 -57 -60 -67 -67 -63 -64 -59 -59 -56 -56 -60 -62 -58 -57 -58 -55 -56 -58 -59 -60 -61 -59 -61 -64 -62 -62 -61 -60 -61 -60 -61 -61 -60 -58 -59 -60 -63 -64 -64 -68 -67 -65 -60 -63 -59 -64 -65 -65 -63 -61 -999 -999 -999 -999 -999 -999 -999 -999
-42 -42 -42 -43 -43 -43 -43 -43 -43 -43 -43 -44 -44 -44 -45 -47 -46 -45 -45 -46 -46 -49 -48 -47 -48 -49 -49 -55 -51 -50 -54 -51 -52 -58 -58 -53 -52 -63 -61 -67 -71 -67 -61 -60 -58 -59 -56 -57 -58 -60 -60 -57 -56 -59 -60 -59 -57 -58 -56 -58 -62 -60 -60 -60 -60 -60 -60 -60 -59 -61 -58 -58 -57 -60 -62 -62 -63 -65 -61 -60 -61 -62 -62 -67 -67 -68 -61 -999 -999 -999 -999 -999 -999 -999 -999
-42 -42 -42 -43 -43 -43 -43 -43 -43 -43 -43 -44 -44 -44 -44 -46 -47 -46 -45 -46 -45 -47 -47 -46 -47 -47 -47 -49 -48 -48 -54 -51 -51 -55 -54 -50 -52 -64 -68 -67 -70 -62 -60 -60 -59 -59 -57 -58 -59 -60 -58 -59 -57 -57 -58 -60 -58 -56 -57 -57 -58 -60 -59 -59 -58 -59 -62 -62 -61 -60 -60 -56 -58 -60 -58 -59 -63 -66 -63 -60 -60 -61 -61 -65 -67 -65 -63 -999 -999 -999 -999 -58 -999 -999 -999
-42 -42 -42 -43 -43 -43 -43 -43 -43 -43 -43 -44 -44 -44 -45 -45 -45 -45 -45 -46 -46 -46 -46 -46 -47 -46 -47 -48 -48 -49 -50 -49 -49 -55 -56 -49 -54 -60 -70 -70 -71 -67 -60 -59 -59 -60 -59 -60 -60 -60 -58 -59 -58 -58 -58 -57 -57 -57 -55 -56 -57 -58 -59 -59 -55 -58 -61 -60 -60 -61 -59 -55 -58 -60 -58 -59 -62 -60 -61 -63 -62 -59 -60 -60 -63 -66 -68 -63 -63 -63 -59 -59 -999 -999 -999
-42 -42 -42 -43 -43 -43 -43 -43 -43 -43 -43 -44 -44 -44 -44 -44 -44 -45 -45 -47 -46 -47 -46 -45 -45 -46 -45 -48 -47 -48 -50 -50 -49 -52 -53 -47 -52 -59 -62 -69 -68 -67 -63 -60 -59 -61 -61 -60 -60 -60 -60 -59 -59 -59 -57 -57 -56 -55 -55 -55 -56 -56 -57 -57 -54 -57 -56 -58 -58 -58 -55 -55 -56 -59 -57 -59 -59 -57 -58 -59 -60 -59 -58 -59 -61 -62 -67 -64 -62 -65 -60 -61 -60 -999 -999
-42 -42 -42 -43 -43 -43 -43 -43 -43 -43 -43 -44 -44 -44 -44 -44 -44 -44 -45 -45 -45 -46 -45 -45 -45 -45 -46 -47 -47 -47 -48 -49 -49 -53 -53 -47 -50 -60 -58 -62 -64 -66 -64 -61 -61 -62 -62 -57 -59 -59 -59 -60 -59 -61 -60 -57 -54 -53 -52 -54 -56 -58 -57 -54 -53 -58 -56 -55 -55 -56 -56 -56 -55 -55 -58 -57 -57 -57 -56 -58 -60 -58 -58 -59 -60 -63 -66 -64 -63 -65 -63 -63 -60 -999 -999
-43 -42 -42 -42 -43 -43 -43 -43 -43 -43 -43 -43 -44 -44 -44 -44 -44 -44 -44 -45 -46 -45 -45 -45 -45 -45 -45 -46 -47 -48 -49 -48 -49 -51 -48 -48 -54 -62 -59 -62 -61 -62 -64 -62 -53 -59 -57 -53 -58 -60 -61 -60 -61 -61 -59 -56 -54 -55 -52 -52 -54 -53 -53 -52 -53 -56 -54 -56 -54 -55 -58 -59 -57 -57 -57 -57 -56 -55 -57 -57 -57 -56 -56 -60 -61 -60 -62 -62 -65 -68 -68 -64 -61 -999 -999
-43 -42 -42 -42 -43 -43 -43 -43 -43 -43 -43 -43 -44 -44 -44 -44 -44 -44 -44 -45 -45 -45 -45 -45 -45 -45 -45 -46 -47 -47 -47 -48 -49 -50 -48 -47 -54 -54 -53 -59 -58 -61 -63 -59 -50 -55 -50 -49 -52 -57 -59 -55 -60 -60 -58 -56 -55 -53 -53 -54 -50 -54 -57 -49 -54 -52 -53 -53 -56 -57 -56 -58 -60 -57 -59 -56 -56 -56 -57 -56 -58 -57 -56 -57 -59 -59 -61 -66 -68 -67 -66 -63 -63 -59 -999
-43 -43 -42 -42 -42 -43 -43 -43 -43 -43 -43 -43 -43 -43 -44 -44 -44 -44 -44 -45 -45 -45 -45 -45 -45 -45 -45 -46 -46 -46 -46 -46 -47 -49 -47 -48 -52 -50 -50 -54 -58 -55 -54 -51 -50 -51 -51 -48 -49 -51 -53 -52 -54 -58 -58 -57 -57 -54 -54 -52 -50 -54 -53 -51 -50 -49 -55 -53 -55 -56 -58 -52 -54 -56 -56 -58 -54 -56 -59 -57 -56 -55 -56 -57 -59 -61 -61 -63 -68 -65 -62 -62 -60 -60 -58
-43 -43 -42 -42 -42 -42 -42 -43 -43 -43 -43 -43 -43 -43 -43 -44 -44 -44 -44 -45 -45 -45 -45 -45 -45 -45 -45 -46 -46 -46 -46 -46 -48 -49 -46 -47 -47 -48 -50 -57 -54 -53 -50 -49 -47 -48 -47 -47 -47 -49 -49 -51 -53 -58 -58 -59 -57 -57 -57 -54 -51 -49 -48 -49 -48 -47 -53 -54 -56 -56 -54 -53 -47 -51 -53 -53 -55 -54 -56 -55 -54 -55 -55 -55 -58 -62 -60 -63 -69 -67 -64 -60 -58 -58 -57
-43 -43 -43 -42 -42 -42 -42 -42 -43 -43 -43 -43 -43 -43 -43 -44 -44 -44 -44 -44 -45 -45 -45 -45 -45 -45 -45 -45 -46 -46 -46 -46 -47 -48 -46 -47 -49 -52 -53 -55 -52 -53 -50 -48 -46 -46 -46 -46 -48 -50 -51 -57 -56 -63 -61 -58 -59 -57 -57 -53 -50 -48 -48 -48 -47 -47 -52 -51 -54 -54 -50 -50 -45 -51 -52 -50 -52 -53 -54 -53 -53 -54 -54 -56 -57 -60 -55 -60 -66 -65 -62 -60 -59 -59 -57
-43 -43 -42 -42 -42 -42 -42 -42 -43 -43 -43 -43 -43 -43 -43 -44 -44 -44 -44 -44 -45 -45 -45 -45 -45 -45 -45 -45 -46 -46 -46 -46 -46 -46 -46 -46 -47 -50 -52 -52 -51 -50 -50 -48 -45 -47 -47 -47 -48 -53 -58 -60 -62 -66 -64 -59 -62 -60 -59 -58 -54 -49 -49 -47 -48 -46 -48 -53 -51 -52 -49 -48 -45 -46 -51 -50 -55 -54 -52 -54 -56 -54 -53 -56 -56 -57 -55 -55 -64 -65 -64 -60 -60 -58 -57
-43 -43 -42 -42 -42 -42 -42 -42 -42 -42 -43 -43 -43 -43 -43 -44 -44 -44 -44 -44 -44 -44 -45 -45 -45 -45 -45 -45 -45 -45 -46 -46 -46 -46 -45 -45 -48 -50 -49 -50 -49 -49 -50 -48 -45 -46 -48 -48 -48 -51 -59 -59 -56 -58 -61 -54 -56 -59 -53 -53 -54 -51 -48 -46 -48 -45 -47 -48 -50 -51 -50 -49 -44 -49 -52 -51 -52 -56 -54 -52 -57 -57 -54 -53 -52 -52 -51 -55 -60 -59 -59 -60 -61 -62 -57
-44 -43 -43 -42 -43 -43 -43 -42 -42 -42 -42 -43 -43 -43 -43 -44 -44 -44 -44 -44 -44 -44 -44 -45 -45 -45 -45 -45 -45 -45 -45 -45 -45 -45 -45 -45 -45 -48 -46 -49 -47 -46 -48 -46 -45 -45 -49 -48 -49 -49 -51 -52 -54 -54 -56 -52 -49 -52 -48 -51 -51 -48 -48 -49 -48 -46 -46 -47 -48 -46 -49 -47 -44 -50 -49 -47 -50 -52 -54 -52 -52 -55 -56 -59 -51 -50 -51 -54 -54 -56 -55 -56 -56 -57 -57
-43 -43 -43 -43 -43 -43 -42 -42 -42 -42 -42 -43 -43 -43 -43 -43 -44 -44 -44 -44 -44 -44 -44 -44 -45 -45 -45 -45 -45 -45 -45 -45 -45 -45 -45 -45 -45 -47 -46 -49 -46 -45 -48 -47 -45 -48 -44 -46 -48 -49 -46 -46 -50 -49 -53 -52 -47 -47 -47 -45 -48 -47 -46 -47 -46 -45 -44 -45 -46 -48 -48 -44 -44 -48 -50 -47 -49 -48 -50 -52 -47 -51 -54 -53 -48 -51 -53 -55 -56 -55 -55 -54 -56 -54 -54
-44 -43 -43 -43 -43 -43 -43 -43 -43 -43 -43 -42 -43 -43 -43 -44 -44 -44 -44 -44 -44 -44 -44 -44 -45 -45 -45 -45 -45 -45 -45 -45 -45 -45 -45 -45 -45 -45 -44 -44 -46 -45 -47 -45 -44 -45 -44 -44 -44 -46 -46 -46 -46 -48 -51 -54 -49 -49 -46 -45 -44 -45 -46 -45 -45 -47 -45 -44 -47 -47 -46 -47 -43 -46 -45 -47 -49 -48 -48 -51 -47 -53 -51 -49 -47 -47 -51 -51 -53 -56 -57 -55 -55 -54 -54
-44 -43 -44 -44 -43 -43 -43 -43 -43 -43 -43 -44 -43 -44 -43 -44 -44 -44 -44 -44 -44 -44 -44 -44 -44 -44 -45 -45 -45 -45 -45 -45 -45 -45 -45 -45 -45 -44 -44 -44 -45 -45 -45 -45 -45 -44 -44 -44 -44 -45 -46 -46 -47 -48 -48 -51 -46 -45 -44 -44 -45 -47 -45 -46 -46 -48 -46 -45 -47 -48 -47 -47 -46 -43 -44 -47 -49 -45 -48 -46 -49 -48 -48 -48 -47 -47 -50 -51 -51 -52 -55 -55 -54 -52 -54
-43 -43 -42 -43 -43 -43 -44 -44 -43 -43 -43 -43 -44 -44 -44 -44 -44 -44 -44 -44 -44 -44 -44 -44 -44 -44 -44 -44 -44 -44 -44 -45 -45 -45 -45 -44 -44 -44 -44 -44 -43 -43 -44 -43 -44 -44 -44 -44 -45 -45 -45 -45 -45 -46 -46 -46 -46 -45 -44 -45 -44 -45 -46 -47 -46 -45 -48 -46 -43 -46 -46 -45 -45 -43 -44 -45 -45 -47 -44 -49 -47 -48 -48 -49 -48 -49 -51 -49 -49 -50 -51 -51 -52 -51 -51
-44 -42 -42 -43 -44 -44 -45 -44 -45 -45 -44 -43 -45 -44 -45 -44 -44 -44 -44 -44 -44 -44 -44 -44 -44 -44 -44 -44 -44 -44 -44 -45 -44 -44 -44 -44 -44 -44 -44 -44 -43 -43 -43 -43 -44 -43 -44 -44 -43 -43 -45 -45 -44 -44 -45 -43 -44 -44 -43 -44 -46 -48 -48 -44 -45 -45 -45 -46 -42 -42 -42 -45 -45 -44 -43 -44 -43 -44 -44 -47 -47 -46 -46 -47 -45 -48 -49 -49 -48 -49 -50 -51 -50 -49 -51
-43 -43 -43 -42 -44 -44 -44 -44 -43 -44 -44 -44 -45 -45 -45 -44 -45 -44 -44 -44 -44 -44 -44 -44 -44 -44 -44 -44 -44 -44 -44 -44 -44 -45 -44 -44 -44 -44 -44 -43 -43 -43 -43 -43 -43 -43 -43 -44 -43 -44 -44 -44 -44 -44 -44 -44 -44 -43 -43 -43 -43 -46 -46 -44 -44 -47 -46 -46 -44 -45 -45 -44 -44 -42 -43 -43 -43 -43 -46 -47 -47 -47 -46 -45 -47 -48 -48 -49 -48 -50 -49 -50 -50 -50 -49
-43 -43 -42 -43 -43 -44 -44 -45 -44 -43 -44 -43 -43 -44 -45 -44 -44 -43 -44 -44 -44 -44 -44 -44 -44 -44 -44 -44 -44 -44 -44 -44 -44 -44 -44 -44 -44 -43 -43 -43 -43 -43 -43 -43 -44 -44 -44 -43 -44 -44 -44 -44 -44 -44 -43 -43 -44 -42 -42 -43 -42 -45 -44 -44 -44 -43 -45 -45 -44 -44 -41 -41 -41 -42 -42 -41 -41 -42 -44 -43 -45 -45 -46 -47 -46 -48 -49 -50 -49 -50 -51 -49 -48 -48 -49
-43 -42 -43 -44 -44 -44 -43 -43 -43 -43 -43 -43 -43 -43 -43 -44 -43 -43 -43 -43 -43 -43 -43 -43 -43 -43 -43 -44 -44 -44 -44 -44 -44 -43 -43 -43 -43 -43 -43 -43 -43 -43 -43 -43 -42 -43 -42 -43 -43 -43 -44 -43 -43 -43 -43 -43 -42 -42 -42 -42 -42 -43 -42 -44 -43 -44 -44 -46 -42 -43 -43 -43 -39 -38 -39 -41 -42 -41 -43 -45 -43 -46 -46 -49 -46 -46 -48 -48 -49 -49 -50 -51 -51 -52 -48
-42 -43 -43 -43 -43 -43 -43 -43 -45 -44 -43 -44 -44 -43 -43 -42 -43 -43 -43 -43 -43 -43 -43 -43 -43 -43 -43 -43 -43 -43 -43 -43 -44 -43 -44 -44 -44 -43 -43 -43 -43 -43 -43 -41 -41 -43 -44 -45 -45 -45 -44 -43 -42 -42 -42 -43 -42 -41 -42 -41 -43 -42 -44 -47 -44 -43 -43 -43 -43 -42 -42 -42 -38 -43 -41 -42 -43 -42 -41 -41 -44 -45 -47 -48 -46 -44 -51 -48 -50 -49 -52 -52 -51 -51 -50
-43 -44 -43 -44 -44 -43 -43 -44 -45 -43 -44 -43 -44 -43 -42 -42 -43 -43 -43 -43 -43 -43 -43 -43 -42 -42 -42 -42 -43 -43 -44 -43 -43 -43 -44 -43 -43 -43 -43 -43 -43 -42 -42 -41 -41 -43 -41 -44 -45 -45 -44 -42 -45 -43 -42 -42 -41 -41 -42 -41 -41 -45 -46 -45 -44 -42 -42 -43 -44 -43 -42 -38 -38 -41 -41 -41 -42 -42 -41 -43 -43 -46 -46 -51 -51 -49 -55 -52 -49 -51 -51 -52 -53 -52 -52
-44 -43 -44 -43 -42 -43 -43 -44 -44 -42 -42 -43 -42 -42 -42 -42 -42 -42 -42 -43 -42 -42 -42 -43 -41 -43 -42 -42 -43 -43 -44 -44 -44 -42 -43 -43 -43 -42 -42 -42 -42 -41 -41 -41 -41 -41 -40 -41 -42 -43 -43 -43 -44 -43 -42 -43 -42 -41 -41 -40 -40 -43 -41 -42 -42 -41 -42 -43 -43 -42 -40 -40 -37 -39 -41 -42 -40 -41 -41 -43 -42 -44 -47 -48 -51 -50 -51 -54 -52 -50 -52 -53 -52 -51 -52
-43 -44 -44 -43 -43 -43 -42 -42 -42 -43 -43 -43 -41 -41 -41 -42 -42 -42 -42 -42 -42 -42 -42 -42 -42 -41 -41 -43 -43 -43 -42 -42 -42 -42 -42 -42 -42 -42 -42 -41 -41 -41 -41 -41 -40 -40 -40 -40 -40 -42 -41 -42 -43 -44 -42 -41 -40 -41 -42 -41 -39 -41 -40 -42 -43 -41 -41 -41 -41 -42 -41 -38 -37 -38 -39 -40 -40 -40 -39 -41 -41 -44 -50 -49 -50 -47 -45 -49 -52 -51 -51 -51 -52 -52 -52
-43 -45 -43 -43 -42 -42 -42 -42 -42 -42 -42 -41 -41 -41 -41 -42 -42 -42 -42 -42 -42 -42 -42 -42 -42 -42 -42 -43 -43 -43 -43 -42 -42 -42 -42 -42 -42 -42 -42 -41 -41 -41 -41 -41 -40 -40 -40 -40 -41 -42 -41 -43 -43 -44 -44 -43 -42 -41 -41 -41 -39 -41 -40 -40 -41 -40 -39 -41 -39 -40 -41 -37 -38 -39 -40 -39 -40 -40 -39 -40 -41 -45 -49 -46 -49 -45 -42 -45 -47 -47 -48 -51 -52 -50 -53
-45 -43 -42 -42 -43 -42 -42 -42 -43 -41 -41 -41 -41 -41 -41 -41 -42 -42 -42 -42 -42 -42 -42 -43 -43 -43 -43 -42 -43 -43 -43 -43 -43 -42 -42 -42 -42 -42 -42 -42 -41 -41 -41 -40 -40 -40 -40 -40 -40 -41 -42 -42 -43 -43 -43 -43 -42 -41 -41 -39 -40 -39 -39 -39 -40 -38 -38 -41 -39 -39 -39 -36 -38 -40 -39 -39 -39 -40 -39 -38 -39 -43 -43 -44 -47 -42 -41 -43 -43 -47 -47 -48 -51 -51 -53
-43 -43 -43 -42 -42 -42 -42 -41 -40 -40 -41 -41 -41 -41 -41 -41 -41 -41 -41 -41 -42 -42 -43 -43 -43 -44 -43 -43 -43 -43 -43 -42 -42 -41 -41 -41 -41 -41 -41 -41 -40 -40 -40 -40 -40 -40 -40 -40 -40 -39 -41 -41 -42 -42 -42 -42 -43 -41 -42 -41 -39 -37 -37 -38 -37 -39 -36 -39 -38 -37 -37 -36 -38 -37 -37 -38 -38 -38 -38 -38 -36 -40 -41 -43 -44 -43 -43 -47 -45 -49 -50 -48 -49 -50 -53
-44 -42 -42 -43 -41 -40 -40 -40 -40 -40 -40 -41 -41 -41 -41 -41 -41 -41 -41 -42 -43 -43 -43 -44 -44 -44 -44 -43 -44 -43 -43 -43 -42 -42 -42 -41 -41 -41 -41 -40 -40 -40 -40 -40 -39 -39 -39 -40 -39 -39 -39 -41 -43 -42 -41 -39 -40 -41 -42 -42 -41 -39 -38 -39 -36 -38 -38 -37 -39 -38 -38 -35 -37 -36 -36 -36 -37 -37 -37 -38 -36 -38 -40 -40 -40 -41 -42 -42 -44 -48 -50 -49 -47 -50 -50
-42 -41 -41 -40 -40 -40 -40 -40 -40 -40 -40 -41 -41 -41 -41 -41 -41 -42 -42 -42 -43 -42 -43 -43 -44 -43 -44 -43 -43 -43 -43 -43 -43 -43 -42 -41 -41 -41 -41 -40 -40 -40 -40 -40 -40 -39 -40 -39 -40 -40 -39 -38 -42 -42 -41 -39 -40 -41 -40 -41 -42 -41 -40 -37 -38 -37 -37 -36 -37 -39 -38 -36 -36 -36 -37 -36 -37 -37 -37 -38 -37 -39 -37 -39 -39 -40 -41 -41 -42 -43 -47 -49 -47 -50 -51
-41 -40 -40 -40 -40 -40 -40 -40 -40 -40 -40 -40 -41 -41 -42 -43 -42 -43 -42 -42 -43 -42 -42 -42 -44 -44 -43 -43 -42 -43 -43 -42 -43 -43 -42 -41 -41 -41 -41 -41 -40 -40 -40 -40 -40 -40 -40 -40 -40 -41 -41 -41 -38 -41 -40 -39 -40 -41 -40 -40 -41 -43 -40 -38 -37 -36 -37 -37 -36 -38 -39 -36 -37 -37 -36 -35 -36 -36 -37 -37 -38 -36 -37 -36 -39 -40 -41 -41 -43 -44 -50 -52 -47 -49 -49
-41 -40 -40 -40 -40 -40 -40 -40 -40 -40 -41 -42 -42 -41 -43 -42 -42 -43 -43 -43 -43 -43 -42 -42 -42 -42 -41 -42 -41 -42 -42 -41 -41 -42 -42 -42 -42 -41 -41 -41 -41 -41 -39 -40 -39 -39 -40 -40 -41 -41 -41 -41 -39 -39 -39 -39 -40 -40 -39 -39 -39 -39 -39 -38 -37 -37 -36 -36 -37 -36 -36 -34 -35 -36 -36 -37 -35 -36 -37 -37 -37 -35 -37 -38 -38 -41 -39 -41 -42 -43 -49 -47 -47 -48 -49
-41 -40 -40 -40 -40 -40 -40 -40 -40 -41 -41 -41 -42 -43 -42 -43 -44 -43 -43 -42 -42 -42 -42 -41 -41 -41 -41 -41 -41 -41 -41 -41 -41 -41 -41 -41 -41 -41 -41 -41 -40 -41 -40 -39 -39 -39 -40 -40 -40 -40 -40 -40 -37 -38 -39 -37 -38 -39 -39 -37 -38 -38 -37 -37 -38 -38 -38 -35 -34 -36 -36 -35 -34 -35 -35 -35 -36 -36 -36 -36 -37 -37 -35 -38 -38 -38 -38 -40 -41 -42 -45 -45 -49 -50 -46
-41 -40 -41 -40 -40 -41 -41 -42 -42 -42 -42 -41 -42 -43 -43 -43 -43 -43 -43 -43 -42 -41 -41 -41 -41 -41 -42 -42 -42 -42 -41 -40 -42 -41 -41 -41 -41 -41 -40 -39 -40 -41 -40 -40 -39 -40 -39 -39 -38 -39 -39 -39 -39 -38 -39 -39 -37 -38 -38 -36 -36 -37 -35 -36 -36 -37 -37 -35 -36 -36 -36 -36 -33 -33 -35 -35 -35 -34 -33 -37 -36 -36 -36 -37 -37 -37 -38 -40 -40 -41 -41 -47 -44 -47 -46
-41 -40 -41 -42 -41 -43 -43 -43 -42 -42 -42 -41 -42 -43 -44 -43 -44 -43 -43 -42 -41 -41 -42 -42 -43 -42 -43 -43 -42 -41 -41 -41 -42 -43 -41 -41 -40 -40 -40 -39 -39 -39 -39 -39 -39 -39 -38 -38 -38 -38 -39 -38 -39 -39 -40 -39 -38 -37 -37 -37 -36 -36 -35 -34 -35 -35 -36 -36 -36 -36 -36 -35 -33 -34 -34 -33 -35 -35 -35 -35 -38 -37 -35 -37 -38 -38 -38 -40 -40 -41 -41 -45 -45 -46 -46
-42 -41 -42 -43 -40 -43 -44 -42 -41 -42 -43 -43 -43 -43 -42 -43 -42 -42 -42 -42 -41 -42 -42 -43 -42 -43 -43 -42 -41 -41 -41 -41 -42 -42 -42 -40 -39 -39 -39 -39 -39 -39 -38 -38 -37 -38 -38 -38 -37 -38 -38 -39 -39 -38 -38 -39 -39 -39 -38 -37 -37 -36 -37 -37 -37 -36 -35 -34 -34 -36 -36 -34 -34 -34 -34 -33 -999 -999 -999 -33 -37 -38 -36 -38 -38 -39 -39 -38 -40 -41 -41 -44 -44 -44 -44
-42 -40 -42 -41 -42 -42 -41 -43 -42 -43 -42 -43 -43 -42 -43 -41 -41 -41 -41 -41 -42 -41 -42 -42 -42 -42 -42 -42 -42 -41 -41 -41 -39 -39 -40 -40 -40 -39 -39 -39 -38 -38 -37 -37 -37 -37 -38 -38 -38 -39 -40 -40 -38 -38 -39 -40 -39 -39 -39 -38 -36 -37 -37 -37 -37 -36 -36 -34 -33 -34 -35 -32 -32 -32 -32 -32 -999 -999 -999 -999 -35 -38 -36 -36 -40 -40 -40 -38 -40 -40 -41 -42 -44 -44 -43
-42 -41 -42 -41 -43 -42 -43 -42 -43 -44 -44 -44 -42 -44 -41 -41 -41 -41 -41 -41 -42 -41 -42 -42 -41 -41 -41 -41 -40 -41 -41 -39 -39 -40 -40 -40 -41 -40 -41 -40 -39 -38 -38 -38 -38 -37 -39 -39 -38 -39 -40 -40 -39 -38 -37 -38 -38 -40 -40 -37 -37 -37 -37 -37 -38 -37 -36 -35 -33 -33 -33 -34 -32 -33 -34 -34 -999 -999 -999 -999 -999 -33 -34 -999 -999 -38 -39 -33 -40 -41 -41 -43 -45 -48 -44
-41 -41 -43 -42 -43 -42 -43 -41 -44 -43 -44 -42 -42 -41 -41 -41 -42 -42 -42 -42 -42 -42 -41 -42 -42 -41 -41 -42 -41 -39 -39 -40 -40 -41 -41 -40 -40 -41 -40 -39 -38 -38 -38 -39 -38 -39 -38 -39 -38 -39 -40 -39 -39 -39 -37 -39 -39 -40 -38 -38 -37 -39 -37 -37 -39 -37 -35 -34 -34 -34 -34 -33 -999 -999 -999 -999 -999 -999 -999 -999 -999 -999 -999 -999 -999 -999 -34 -35 -36 -40 -40 -41 -45 -48 -44
