analysis/data/raw_data/dwd_gridded/monthly_precipitation_01_Jan_grids_germany_monthly_precipitation_188101.asc
NCOLS 654
NROWS 866
XLLCORNER 3280414.711633467
YLLCORNER 5237500.62890625
CELLSIZE 1000
NODATA_VALUE -999
[rows 795 to 847 of 866, columns 384 to 479 of 654]
18 17 17 17 17 17 18 17 17 17 17 17 17 18 19 17 18 19 21 21 21 21 21 22 23 24 25 24 24 25 25 25 25 24 24 24 24 24 24 23 23 23 24 23 23 22 21 20 20 19 19 19 19 19 18 18 17 17 16 14 14 14 14 13 13 14 14 14 13 13 14 14 14 14 14 16 15 16 17 18 18 19 18 19 19 19 19 19 19 19 21 21 21 20 20 21
17 18 18 18 17 17 17 17 17 17 17 17 18 18 19 18 18 20 21 21 21 21 22 23 24 24 25 24 24 25 26 26 26 26 25 24 24 24 24 24 24 24 24 22 23 23 23 22 21 21 21 20 19 19 18 18 18 17 16 14 14 14 13 13 13 13 14 14 14 14 13 14 14 14 15 16 16 16 17 18 18 18 18 19 20 20 20 21 20 20 20 21 22 21 21 21
17 18 18 18 17 18 17 17 17 17 17 17 18 19 19 18 18 20 21 21 21 22 22 22 24 24 25 24 25 26 26 26 26 26 26 25 25 25 25 24 24 23 23 23 23 23 23 22 22 22 21 21 21 20 19 18 18 16 16 14 14 13 13 13 14 14 14 14 14 14 14 14 14 14 15 16 16 17 18 18 18 19 19 20 20 20 21 21 20 21 22 22 21 22 22 21
18 18 18 18 18 18 18 17 17 17 18 18 19 19 20 20 19 20 21 22 22 22 22 22 23 25 25 25 26 26 27 26 27 26 27 26 26 26 25 24 24 23 22 23 25 23 24 25 23 22 22 21 21 21 21 20 18 17 16 15 14 14 13 14 14 14 14 14 14 14 14 14 15 15 15 16 16 17 17 19 20 19 20 20 20 20 22 21 22 22 23 23 23 23 22 21
18 18 18 18 19 19 19 19 18 18 18 18 19 20 20 20 20 21 22 22 22 22 22 23 23 25 26 25 25 26 26 28 28 27 28 28 28 27 26 25 25 25 25 23 24 25 24 25 25 24 23 20 21 21 21 19 18 18 17 15 15 15 14 14 14 14 15 15 15 14 15 15 15 16 16 17 17 17 19 20 20 20 21 21 21 21 22 22 23 23 24 24 24 24 23 22
18 18 18 19 19 19 20 19 19 19 19 19 20 21 20 20 20 21 21 22 22 22 23 23 23 24 25 25 26 26 27 29 28 28 29 28 28 28 26 25 26 28 26 27 26 25 25 26 25 26 23 21 21 21 22 20 18 18 17 16 15 15 15 15 15 15 15 15 15 15 15 15 15 15 16 17 17 17 19 20 20 20 22 22 22 22 24 23 23 23 23 24 24 24 24 25
18 18 18 18 19 19 20 19 19 20 19 19 20 20 21 22 21 20 22 22 22 22 23 23 24 24 25 26 26 27 28 30 28 28 29 29 28 28 26 27 27 25 27 25 25 26 25 26 26 26 24 20 21 20 21 20 20 18 17 16 15 15 15 15 15 15 14 15 14 14 14 15 15 16 16 16 17 18 19 19 20 20 21 22 23 23 25 24 24 23 24 25 25 25 25 25
18 18 18 19 19 20 20 20 20 20 20 20 20 21 22 21 21 21 21 22 22 22 23 24 23 24 24 25 26 27 28 28 28 28 29 30 29 28 28 27 27 27 27 25 25 25 25 26 26 24 24 22 22 21 21 21 20 18 17 17 17 16 16 16 15 15 15 14 14 14 15 15 16 16 16 17 17 17 19 20 20 20 21 23 24 25 26 26 25 24 26 25 25 25 26 26
17 17 18 19 19 20 20 21 21 21 20 20 20 21 21 21 21 21 22 21 22 22 23 23 24 24 25 25 27 27 28 28 29 29 29 29 29 29 29 28 28 27 27 26 26 25 26 26 26 26 24 22 22 22 21 21 21 19 18 18 17 17 16 16 16 15 15 14 14 14 15 16 16 16 16 15 16 17 18 20 22 22 23 26 26 26 27 29 29 27 28 30 28 26 26 27
17 17 18 20 20 20 20 21 21 21 20 20 21 20 21 21 21 21 22 21 22 23 23 24 25 25 25 26 27 28 28 28 29 29 29 29 30 30 29 29 29 28 27 27 27 27 28 26 26 27 26 23 23 22 22 21 21 20 18 18 18 18 17 16 16 16 15 14 14 15 15 16 17 17 18 18 17 18 20 22 24 26 31 29 27 28 30 30 31 30 30 34 34 26 27 27
16 17 18 19 20 20 20 21 21 21 21 20 20 21 21 21 21 22 21 22 23 23 23 24 24 25 25 27 27 28 28 29 29 29 29 30 31 30 30 29 29 29 29 28 27 28 28 27 28 28 25 23 23 23 23 23 23 23 22 19 18 18 18 17 16 16 15 15 15 15 15 16 18 19 21 20 18 19 22 24 27 29 31 31 29 30 32 33 32 32 35 36 31 27 27 28
17 18 19 20 20 21 21 20 20 21 20 21 21 21 21 21 22 22 21 22 23 23 24 24 25 26 26 26 27 28 28 28 28 29 29 30 32 31 30 29 29 29 29 28 28 29 29 29 27 29 27 26 24 22 22 22 24 24 24 23 19 19 18 18 17 17 17 17 16 16 16 16 18 22 20 19 20 23 25 28 31 36 34 35 31 31 36 36 39 40 38 38 37 28 28 27
17 18 19 20 21 21 21 20 20 20 20 21 21 21 21 20 21 21 22 23 23 23 24 25 26 26 26 26 28 28 28 28 28 29 29 29 30 30 30 29 30 29 29 29 29 31 30 28 29 30 28 27 26 23 21 22 23 25 25 22 21 20 19 18 18 17 17 17 17 17 16 17 19 20 20 21 23 25 29 30 37 37 38 34 32 38 39 43 41 37 40 32 30 28 28 27
18 19 19 20 21 21 21 20 20 20 20 21 21 20 21 20 21 21 22 23 23 23 24 26 27 27 26 27 28 28 29 29 29 29 29 28 29 30 30 30 30 29 29 29 31 31 30 28 30 29 30 28 27 25 24 23 24 26 26 24 25 21 21 20 21 22 19 17 18 18 18 17 18 21 20 22 24 28 32 36 34 42 38 31 33 41 44 40 36 37 36 29 29 28 28 27
18 19 20 21 21 21 21 21 20 20 20 20 21 20 21 20 21 21 22 23 23 24 26 28 28 27 28 27 28 29 30 29 28 29 29 29 30 30 30 31 29 30 30 29 31 30 29 28 28 29 30 31 30 28 24 24 24 27 27 30 27 22 24 27 24 24 20 18 18 18 18 17 18 20 24 24 27 32 -999 32 41 40 42 33 38 40 40 36 35 34 30 29 30 28 28 27
20 20 21 21 22 21 21 21 21 21 20 20 20 20 21 20 21 22 23 24 24 25 26 27 29 28 29 28 29 30 30 29 29 29 31 30 30 31 30 29 29 30 31 31 32 31 32 31 31 29 30 33 35 30 27 25 25 25 26 28 29 23 28 28 23 25 21 18 18 19 18 18 18 22 29 28 27 35 -999 37 43 37 36 33 38 39 39 38 35 34 31 34 32 35 29 27
20 20 21 22 22 21 22 22 21 21 20 20 20 20 21 21 21 22 23 24 27 30 31 32 30 28 30 31 30 32 31 33 34 34 32 34 34 32 31 30 29 30 33 35 34 34 36 34 30 30 30 31 33 31 28 26 27 28 30 29 28 24 24 25 28 25 20 18 17 18 18 17 17 20 28 27 -999 -999 -999 38 37 35 31 35 43 47 43 40 35 32 32 36 39 37 31 28
21 21 21 22 22 22 22 22 22 22 21 20 19 20 20 21 22 22 23 28 30 34 34 33 30 29 30 31 31 32 34 38 39 34 33 36 38 38 33 31 29 29 31 32 32 36 34 31 33 32 29 33 31 34 29 26 26 28 33 36 31 25 25 29 23 23 18 21 25 21 22 17 18 19 21 -999 -999 -999 -999 41 35 30 35 36 40 47 46 39 36 31 31 35 37 37 35 33
21 21 22 22 22 22 22 21 21 21 21 20 20 20 21 21 22 23 26 28 33 30 34 32 30 30 31 32 32 33 38 37 41 39 36 39 39 36 37 32 31 30 29 28 31 32 38 32 34 33 29 33 35 34 30 27 27 28 28 34 27 29 27 27 28 26 19 22 28 25 21 19 17 19 29 -999 -999 -999 -999 -999 34 29 39 43 44 45 43 38 32 31 33 41 39 38 37 35
20 22 22 22 24 24 23 23 23 22 21 21 21 21 21 21 22 23 26 26 28 32 34 32 31 31 32 33 34 34 34 33 33 38 39 43 38 39 37 36 34 32 30 31 34 36 39 38 34 35 30 29 29 29 28 27 26 27 26 29 30 33 29 31 26 24 23 18 26 24 20 19 16 20 -999 -999 -999 -999 -999 -999 -999 -999 34 36 42 40 42 33 40 33 32 37 35 35 36 36
21 21 22 22 23 23 23 24 25 23 22 21 21 21 21 22 22 23 28 30 30 30 34 35 32 31 32 34 35 35 37 37 38 37 38 44 45 39 41 39 37 35 32 31 34 33 36 37 36 36 36 30 29 34 31 32 28 25 23 24 27 27 30 26 23 23 21 21 27 25 25 26 17 18 -999 -999 -999 -999 -999 -999 -999 -999 -999 -999 -999 -999 -999 -999 -999 39 32 32 32 33 33 31
21 21 21 22 23 23 23 25 25 23 22 22 22 22 22 22 22 25 28 31 35 31 32 33 31 32 32 34 34 35 38 37 39 38 39 42 43 43 41 45 45 39 34 33 32 32 32 37 40 37 39 33 35 41 32 39 31 26 25 21 23 23 26 22 21 21 21 22 25 24 26 26 18 18 -999 -999 -999 -999 -999 -999 -999 -999 -999 -999 -999 -999 -999 -999 -999 -999 -999 -999 -999 32 31 32
21 21 21 22 23 23 25 24 23 22 22 22 22 22 22 22 24 27 28 29 30 35 35 33 33 35 32 33 34 35 37 41 43 44 48 43 41 41 49 53 47 41 35 33 36 37 33 37 42 39 43 36 37 41 39 38 32 27 25 23 21 21 23 25 25 20 21 19 18 20 22 21 23 19 -999 -999 -999 -999 -999 -999 -999 -999 -999 -999 -999 -999 -999 -999 -999 -999 -999 -999 -999 -999 34 35
21 21 21 21 22 23 22 22 21 22 22 22 23 23 23 24 27 31 30 31 32 34 37 34 37 40 34 33 33 34 37 40 41 43 44 43 41 43 54 47 43 39 38 39 39 49 40 40 44 40 38 36 36 41 43 39 34 29 27 35 32 24 24 30 27 25 26 23 19 17 19 19 20 20 20 -999 -999 -999 -999 -999 -999 -999 -999 -999 -999 -999 -999 -999 -999 -999 -999 -999 -999 -999 36 37
21 21 21 21 20 20 22 22 22 23 23 23 23 23 23 26 28 32 30 34 34 37 36 37 39 41 39 34 33 33 35 35 38 40 44 48 41 47 52 48 44 40 43 46 47 47 43 36 38 41 41 36 37 39 44 42 44 36 27 28 32 25 29 34 36 32 29 28 23 18 19 23 21 20 21 20 20 -999 -999 -999 -999 -999 -999 -999 -999 -999 -999 -999 -999 -999 -999 -999 -999 -999 -999 -999
21 20 20 20 21 21 22 23 22 22 23 23 23 23 26 30 35 34 35 38 38 43 44 42 39 39 38 33 32 32 34 37 42 44 48 44 41 46 47 49 43 40 47 48 50 47 45 37 36 38 44 37 33 37 45 43 42 38 36 34 31 25 34 40 35 33 27 24 24 21 24 26 23 21 20 20 21 -999 -999 -999 -999 -999 -999 -999 -999 -999 -999 -999 -999 -999 -999 -999 -999 -999 -999 -999
21 20 20 19 20 21 23 24 23 23 23 23 23 26 29 35 37 33 35 36 40 38 40 37 34 33 33 33 33 33 35 36 42 49 46 45 41 45 42 46 42 40 46 48 50 49 47 42 38 36 39 39 35 36 38 38 41 38 36 31 29 25 34 38 36 33 30 20 21 20 19 19 22 21 20 20 21 -999 -999 -999 -999 -999 -999 -999 -999 -999 -999 -999 -999 -999 -999 -999 -999 -999 -999 -999
21 20 20 19 18 23 25 24 24 24 24 24 26 32 32 35 33 34 32 37 35 37 32 33 35 33 36 35 35 33 34 36 41 48 48 49 44 42 40 46 47 40 42 43 46 51 46 38 39 34 33 35 32 36 36 37 38 31 31 30 29 25 29 32 32 30 31 26 25 20 21 22 22 23 21 20 20 -999 -999 -999 -999 -999 -999 -999 -999 -999 -999 -999 -999 -999 -999 -999 -999 -999 -999 -999
21 21 21 20 22 26 29 26 24 24 25 25 29 35 35 38 36 32 31 34 38 36 33 31 29 30 30 31 32 34 35 36 40 43 43 45 48 46 42 40 39 40 41 43 39 43 42 40 37 35 37 36 33 30 33 34 35 35 33 28 29 29 -999 -999 28 36 31 30 28 28 26 19 19 20 21 -999 -999 -999 -999 -999 -999 -999 -999 -999 -999 -999 -999 -999 -999 -999 -999 -999 -999 -999 -999 -999
22 21 21 23 25 28 32 29 28 27 25 29 32 37 32 35 32 32 32 30 30 28 30 29 29 31 35 35 38 40 34 35 38 40 46 46 41 41 41 43 43 44 41 42 45 39 42 39 42 36 43 34 36 30 34 33 42 35 31 33 -999 -999 -999 -999 -999 -999 -999 -999 -999 -999 -999 -999 -999 -999 -999 -999 -999 -999 -999 -999 -999 -999 -999 -999 -999 -999 -999 -999 -999 -999 -999 -999 -999 -999 -999 -999
22 22 22 23 27 29 33 38 34 34 31 33 32 31 31 33 34 29 29 30 30 31 33 28 28 35 35 36 40 36 35 41 46 42 41 37 36 38 38 43 45 47 40 41 44 43 36 39 35 43 44 42 38 32 33 40 -999 -999 -999 -999 -999 -999 -999 -999 -999 -999 -999 -999 -999 -999 -999 -999 -999 -999 -999 -999 -999 -999 -999 -999 -999 -999 -999 -999 -999 -999 -999 -999 -999 -999 -999 -999 -999 -999 -999 -999
22 23 26 31 35 35 37 42 35 40 39 32 29 29 29 31 29 28 28 28 27 27 28 28 30 32 36 39 35 33 39 45 43 42 40 39 41 43 38 48 50 48 48 45 49 45 42 39 40 38 41 -999 -999 -999 -999 -999 -999 -999 -999 -999 -999 -999 -999 -999 -999 -999 -999 -999 -999 -999 -999 -999 -999 -999 -999 -999 -999 -999 -999 -999 -999 -999 -999 -999 -999 -999 -999 -999 -999 -999 -999 -999 -999 -999 -999 -999
23 26 34 30 39 32 33 37 32 34 33 28 28 28 28 32 28 29 29 29 30 30 31 32 33 35 35 34 32 40 40 38 40 37 39 41 39 45 44 46 45 47 49 47 45 45 47 45 42 35 33 -999 -999 -999 -999 -999 -999 -999 -999 -999 -999 -999 -999 -999 -999 -999 -999 -999 -999 -999 -999 -999 -999 -999 -999 -999 -999 -999 -999 -999 -999 -999 -999 -999 -999 -999 -999 -999 -999 -999 -999 -999 -999 -999 -999 -999
23 24 26 26 29 32 32 35 33 29 28 28 28 28 28 27 27 33 37 36 35 41 36 33 34 32 37 33 32 33 34 36 39 39 -999 -999 45 46 47 -999 -999 -999 -999 -999 -999 -999 -999 -999 -999 -999 -999 -999 -999 -999 -999 -999 -999 -999 -999 -999 -999 -999 -999 -999 -999 -999 -999 -999 -999 -999 -999 -999 -999 -999 -999 -999 -999 -999 -999 -999 -999 -999 -999 -999 -999 -999 -999 -999 -999 -999 -999 -999 -999 -999 -999 -999
24 28 27 27 28 28 30 34 33 28 30 28 28 28 29 30 30 31 36 34 35 32 34 34 38 37 32 31 35 34 36 38 38 -999 -999 -999 -999 -999 -999 -999 -999 -999 -999 -999 -999 -999 -999 -999 -999 -999 -999 -999 -999 -999 -999 -999 -999 -999 -999 -999 -999 -999 -999 -999 -999 -999 -999 -999 -999 -999 -999 -999 -999 -999 -999 -999 -999 -999 -999 -999 -999 -999 -999 -999 -999 -999 -999 -999 -999 -999 -999 -999 -999 -999 -999 -999
28 28 37 31 32 34 33 30 32 30 29 28 28 32 36 32 35 34 35 36 34 32 31 30 30 31 31 31 34 40 44 35 -999 -999 -999 -999 -999 -999 -999 -999 -999 -999 -999 -999 -999 -999 -999 -999 -999 -999 -999 -999 -999 -999 -999 -999 -999 -999 -999 -999 -999 -999 -999 -999 -999 -999 -999 -999 -999 -999 -999 -999 -999 -999 -999 -999 -999 -999 -999 -999 -999 -999 -999 -999 -999 -999 -999 -999 -999 -999 -999 -999 -999 -999 -999 -999
35 35 37 36 33 44 39 33 29 33 31 30 33 36 31 34 35 34 31 29 29 29 30 30 33 35 33 32 38 46 37 -999 -999 -999 -999 -999 -999 -999 -999 -999 -999 -999 -999 -999 -999 -999 -999 -999 -999 -999 -999 -999 -999 -999 -999 -999 -999 -999 -999 -999 -999 -999 -999 -999 -999 -999 -999 -999 -999 -999 -999 -999 -999 -999 -999 -999 -999 -999 -999 -999 -999 -999 -999 -999 -999 -999 -999 -999 -999 -999 -999 -999 -999 -999 -999 -999
41 43 41 43 40 39 37 33 31 33 33 33 33 31 29 28 29 30 31 30 30 33 39 41 36 34 32 36 46 48 46 -999 -999 -999 -999 -999 -999 -999 -999 -999 -999 -999 -999 -999 -999 -999 -999 -999 -999 -999 -999 -999 -999 -999 -999 -999 -999 -999 -999 -999 -999 -999 -999 -999 -999 -999 -999 -999 -999 -999 -999 -999 -999 -999 -999 -999 -999 -999 -999 -999 -999 -999 -999 -999 -999 -999 -999 -999 -999 -999 -999 -999 -999 -999 -999 -999
46 41 43 40 39 35 33 30 30 33 35 35 35 28 30 34 38 39 34 29 34 43 41 34 34 38 36 34 38 43 39 -999 -999 -999 -999 -999 -999 -999 -999 -999 -999 -999 -999 -999 -999 -999 -999 -999 -999 -999 -999 -999 -999 -999 -999 -999 -999 -999 -999 -999 -999 -999 -999 -999 -999 -999 -999 -999 -999 -999 -999 -999 -999 -999 -999 -999 -999 -999 -999 -999 -999 -999 -999 -999 -999 -999 -999 -999 -999 -999 -999 -999 -999 -999 -999 -999
40 39 36 36 37 33 31 28 30 32 32 29 28 35 37 39 34 30 34 30 36 41 38 39 37 46 37 37 32 35 -999 -999 -999 -999 -999 -999 -999 -999 -999 -999 -999 -999 -999 -999 -999 -999 -999 -999 -999 -999 -999 -999 -999 -999 -999 -999 -999 -999 -999 -999 -999 -999 -999 -999 -999 -999 -999 -999 -999 -999 -999 -999 -999 -999 -999 -999 -999 -999 -999 -999 -999 -999 -999 -999 -999 -999 -999 -999 -999 -999 -999 -999 -999 -999 -999 -999
35 36 32 32 33 30 32 27 28 26 27 29 30 42 35 32 34 39 32 30 36 42 40 43 35 44 36 39 41 37 -999 -999 -999 -999 -999 -999 -999 -999 -999 -999 -999 -999 -999 -999 -999 -999 -999 -999 -999 -999 -999 -999 -999 -999 -999 -999 -999 -999 -999 -999 -999 -999 -999 -999 -999 -999 -999 -999 -999 -999 -999 -999 -999 -999 -999 -999 -999 -999 -999 -999 -999 -999 -999 -999 -999 -999 -999 -999 -999 -999 -999 -999 -999 -999 -999 -999
33 31 29 30 30 28 26 25 25 26 28 33 37 34 33 36 42 37 32 -999 -999 41 47 48 35 44 43 44 46 -999 -999 -999 -999 -999 -999 -999 -999 -999 -999 -999 -999 -999 -999 -999 -999 -999 -999 -999 -999 -999 -999 -999 -999 -999 -999 -999 -999 -999 -999 -999 -999 -999 -999 -999 -999 -999 -999 -999 -999 -999 -999 -999 -999 -999 -999 -999 -999 -999 -999 -999 -999 -999 -999 -999 -999 -999 -999 -999 -999 -999 -999 -999 -999 -999 -999 -999
38 35 31 30 28 25 23 22 24 27 28 39 37 37 38 44 41 32 -999 -999 -999 -999 -999 -999 -999 -999 -999 -999 -999 -999 -999 -999 -999 -999 -999 -999 -999 -999 -999 -999 -999 -999 -999 -999 -999 -999 -999 -999 -999 -999 -999 -999 -999 -999 -999 -999 -999 -999 -999 -999 -999 -999 -999 -999 -999 -999 -999 -999 -999 -999 -999 -999 -999 -999 -999 -999 -999 -999 -999 -999 -999 -999 -999 -999 -999 -999 -999 -999 -999 -999 -999 -999 -999 -999 -999 -999
33 31 34 30 25 23 22 20 26 31 32 41 35 44 44 43 36 -999 -999 -999 -999 -999 -999 -999 -999 -999 -999 -999 -999 -999 -999 -999 -999 -999 -999 -999 -999 -999 -999 -999 -999 -999 -999 -999 -999 -999 -999 -999 -999 -999 -999 -999 -999 -999 -999 -999 -999 -999 -999 -999 -999 -999 -999 -999 -999 -999 -999 -999 -999 -999 -999 -999 -999 -999 -999 -999 -999 -999 -999 -999 -999 -999 -999 -999 -999 -999 -999 -999 -999 -999 -999 -999 -999 -999 -999 -999
29 29 27 26 25 24 24 22 27 35 35 42 38 44 38 33 -999 -999 -999 -999 -999 -999 -999 -999 -999 -999 -999 -999 -999 -999 -999 -999 -999 -999 -999 -999 -999 -999 -999 -999 -999 -999 -999 -999 -999 -999 -999 -999 -999 -999 -999 -999 -999 -999 -999 -999 -999 -999 -999 -999 -999 -999 -999 -999 -999 -999 -999 -999 -999 -999 -999 -999 -999 -999 -999 -999 -999 -999 -999 -999 -999 -999 -999 -999 -999 -999 -999 -999 -999 -999 -999 -999 -999 -999 -999 -999
28 28 29 25 26 25 25 24 27 39 36 45 44 43 35 34 -999 -999 -999 -999 -999 -999 -999 -999 -999 -999 -999 -999 -999 -999 -999 -999 -999 -999 -999 -999 -999 -999 -999 -999 -999 -999 -999 -999 -999 -999 -999 -999 -999 -999 -999 -999 -999 -999 -999 -999 -999 -999 -999 -999 -999 -999 -999 -999 -999 -999 -999 -999 -999 -999 -999 -999 -999 -999 -999 -999 -999 -999 -999 -999 -999 -999 -999 -999 -999 -999 -999 -999 -999 -999 -999 -999 -999 -999 -999 -999
32 30 29 27 26 25 25 24 27 30 34 39 43 35 31 31 -999 -999 -999 -999 -999 -999 -999 -999 -999 -999 -999 -999 -999 -999 -999 -999 -999 -999 -999 -999 -999 -999 -999 -999 -999 -999 -999 -999 -999 -999 -999 -999 -999 -999 -999 -999 -999 -999 -999 -999 -999 -999 -999 -999 -999 -999 -999 -999 -999 -999 -999 -999 -999 -999 -999 -999 -999 -999 -999 -999 -999 -999 -999 -999 -999 -999 -999 -999 -999 -999 -999 -999 -999 -999 -999 -999 -999 -999 -999 -999
27 29 28 28 28 26 25 23 28 34 33 33 35 39 33 36 36 -999 -999 -999 -999 -999 -999 -999 -999 -999 -999 -999 -999 -999 -999 -999 -999 -999 -999 -999 -999 -999 -999 -999 -999 -999 -999 -999 -999 -999 -999 -999 -999 -999 -999 -999 -999 -999 -999 -999 -999 -999 -999 -999 -999 -999 -999 -999 -999 -999 -999 -999 -999 -999 -999 -999 -999 -999 -999 -999 -999 -999 -999 -999 -999 -999 -999 -999 -999 -999 -999 -999 -999 -999 -999 -999 -999 -999 -999 -999
27 32 31 31 29 26 25 24 34 34 40 39 40 42 37 41 44 44 -999 -999 -999 -999 -999 -999 -999 -999 -999 -999 -999 -999 -999 -999 -999 -999 -999 -999 -999 -999 -999 -999 -999 -999 -999 -999 -999 -999 -999 -999 -999 -999 -999 -999 -999 -999 -999 -999 -999 -999 -999 -999 -999 -999 -999 -999 -999 -999 -999 -999 -999 -999 -999 -999 -999 -999 -999 -999 -999 -999 -999 -999 -999 -999 -999 -999 -999 -999 -999 -999 -999 -999 -999 -999 -999 -999 -999 -999
30 28 32 32 28 26 24 28 30 32 38 51 52 -999 -999 -999 -999 -999 -999 -999 -999 -999 -999 -999 -999 -999 -999 -999 -999 -999 -999 -999 -999 -999 -999 -999 -999 -999 -999 -999 -999 -999 -999 -999 -999 -999 -999 -999 -999 -999 -999 -999 -999 -999 -999 -999 -999 -999 -999 -999 -999 -999 -999 -999 -999 -999 -999 -999 -999 -999 -999 -999 -999 -999 -999 -999 -999 -999 -999 -999 -999 -999 -999 -999 -999 -999 -999 -999 -999 -999 -999 -999 -999 -999 -999 -999
30 28 28 27 26 24 24 29 39 35 45 -999 -999 -999 -999 -999 -999 -999 -999 -999 -999 -999 -999 -999 -999 -999 -999 -999 -999 -999 -999 -999 -999 -999 -999 -999 -999 -999 -999 -999 -999 -999 -999 -999 -999 -999 -999 -999 -999 -999 -999 -999 -999 -999 -999 -999 -999 -999 -999 -999 -999 -999 -999 -999 -999 -999 -999 -999 -999 -999 -999 -999 -999 -999 -999 -999 -999 -999 -999 -999 -999 -999 -999 -999 -999 -999 -999 -999 -999 -999 -999 -999 -999 -999 -999 -999
41 -999 -999 -999 -999 24 26 37 44 44 -999 -999 -999 -999 -999 -999 -999 -999 -999 -999 -999 -999 -999 -999 -999 -999 -999 -999 -999 -999 -999 -999 -999 -999 -999 -999 -999 -999 -999 -999 -999 -999 -999 -999 -999 -999 -999 -999 -999 -999 -999 -999 -999 -999 -999 -999 -999 -999 -999 -999 -999 -999 -999 -999 -999 -999 -999 -999 -999 -999 -999 -999 -999 -999 -999 -999 -999 -999 -999 -999 -999 -999 -999 -999 -999 -999 -999 -999 -999 -999 -999 -999 -999 -999 -999 -999
-999 -999 -999 -999 -999 24 29 38 -999 -999 -999 -999 -999 -999 -999 -999 -999 -999 -999 -999 -999 -999 -999 -999 -999 -999 -999 -999 -999 -999 -999 -999 -999 -999 -999 -999 -999 -999 -999 -999 -999 -999 -999 -999 -999 -999 -999 -999 -999 -999 -999 -999 -999 -999 -999 -999 -999 -999 -999 -999 -999 -999 -999 -999 -999 -999 -999 -999 -999 -999 -999 -999 -999 -999 -999 -999 -999 -999 -999 -999 -999 -999 -999 -999 -999 -999 -999 -999 -999 -999 -999 -999 -999 -999 -999 -999
