analysis/data/raw_data/dwd_gridded/monthly_precipitation_01_Jan_grids_germany_monthly_precipitation_188301.asc
NCOLS 654
NROWS 866
XLLCORNER 3280414.711633467
YLLCORNER 5237500.62890625
CELLSIZE 1000
NODATA_VALUE -999
[rows 416 to 467 of 866, columns 288 to 383 of 654]
44 39 35 35 35 39 45 48 47 40 37 41 44 43 46 45 50 51 48 45 45 42 43 40 39 41 42 44 45 46 45 45 47 45 46 45 44 40 43 45 43 40 38 40 39 36 34 31 32 31 29 28 29 32 29 29 29 29 27 26 25 28 30 32 35 37 35 33 32 33 35 34 32 29 27 23 23 23 28 26 27 29 24 23 22 20 20 20 22 24 27 29 25 25 24 21
36 39 42 37 36 36 35 40 46 48 43 35 37 36 39 41 47 51 51 48 46 46 44 41 40 40 41 42 43 43 42 43 44 45 44 43 44 45 46 45 43 40 38 38 38 38 35 32 29 27 27 26 26 27 29 32 29 28 27 25 25 27 27 30 33 34 32 32 31 30 32 30 30 26 25 22 22 26 27 26 24 23 22 28 26 24 20 20 22 24 24 29 29 29 24 26
32 40 39 41 47 41 41 40 41 45 39 43 36 36 36 39 43 50 48 50 48 47 46 43 40 43 38 41 40 40 38 40 41 42 42 41 38 38 40 40 40 39 38 37 37 36 33 32 31 29 27 27 26 26 27 29 29 30 28 27 25 25 26 29 31 32 32 31 30 29 28 28 27 23 23 21 22 24 23 23 22 21 21 22 23 27 23 21 21 22 26 28 31 27 29 27
42 43 47 46 41 42 48 41 39 37 39 39 38 35 36 39 49 51 46 50 48 47 46 45 46 45 45 40 40 38 38 38 40 40 39 38 38 38 36 38 36 38 37 36 36 36 35 34 31 29 28 29 28 27 28 27 29 29 29 27 25 25 27 29 29 31 30 28 28 26 25 26 31 21 21 20 20 21 21 21 21 21 21 21 21 23 26 23 21 22 24 26 29 30 32 26
38 40 41 38 39 53 48 48 39 37 44 37 39 36 50 49 50 47 48 49 50 47 45 47 45 44 43 42 40 39 36 35 37 38 38 37 36 37 38 37 38 35 35 33 34 33 33 31 31 31 30 29 29 28 29 29 28 28 27 25 27 24 25 27 27 27 27 27 26 24 25 24 23 21 22 21 19 19 19 20 20 20 21 21 21 22 23 26 23 26 23 27 28 33 32 29
36 40 47 48 49 56 48 40 35 38 39 36 36 36 48 46 47 45 45 46 50 45 44 43 42 44 41 40 39 38 38 38 33 34 35 32 38 37 36 38 38 38 36 32 31 32 31 31 31 33 32 29 28 29 30 29 30 29 30 29 25 26 23 21 25 24 24 24 24 23 22 22 24 26 25 22 22 22 21 21 20 19 20 21 21 22 22 24 27 28 28 27 26 30 31 30
33 33 34 43 50 55 43 42 40 33 41 36 34 36 49 38 45 42 40 43 47 38 43 40 40 40 39 38 38 38 36 35 34 33 32 33 40 40 39 38 36 36 33 33 30 29 30 31 33 33 33 31 31 29 30 29 29 28 28 27 27 27 26 22 20 22 22 20 20 21 22 22 23 23 23 23 23 24 22 20 19 19 20 20 21 21 21 21 23 26 28 30 28 30 30 32
39 32 37 57 61 53 49 44 45 38 37 40 34 40 48 34 35 40 42 48 47 49 46 41 38 38 39 38 38 38 36 36 34 32 30 33 37 37 37 36 34 32 30 31 31 30 27 31 31 35 37 34 33 32 32 32 31 28 29 29 27 28 27 24 22 21 18 18 18 19 19 21 21 24 23 21 21 22 20 20 19 20 19 20 20 20 21 22 22 25 28 30 27 28 31 32
34 37 42 42 48 44 60 46 45 43 37 40 32 38 43 35 47 40 46 51 52 52 48 45 41 38 38 39 38 38 37 34 32 32 31 31 33 32 33 35 34 32 29 28 26 26 26 31 28 31 36 37 36 34 34 32 30 30 30 29 28 27 27 25 24 23 20 17 18 18 20 21 23 19 21 20 20 20 19 19 19 20 22 22 21 21 21 21 23 24 25 26 24 30 29 29
35 35 40 40 43 49 50 40 40 48 38 36 30 33 43 32 47 45 47 45 50 50 50 46 43 40 40 40 40 38 35 34 31 31 32 31 31 29 30 29 28 28 27 27 27 26 28 31 32 34 32 33 33 33 34 34 32 32 31 30 29 28 26 25 24 23 19 18 18 18 18 19 19 19 20 19 19 18 18 19 19 20 21 21 22 22 23 22 23 23 23 22 23 23 25 27
34 38 36 42 42 48 51 42 42 40 37 32 42 42 32 37 38 47 40 49 50 48 48 45 45 43 42 42 40 38 35 33 31 30 29 30 30 30 27 30 28 28 28 28 29 28 30 33 32 33 32 33 31 29 31 33 33 31 31 28 28 28 26 25 24 23 21 20 20 19 18 19 20 21 21 20 20 19 19 20 18 19 19 20 20 20 21 21 21 22 23 24 23 22 24 23
36 35 34 34 38 39 42 42 39 43 30 41 42 41 40 36 35 34 47 41 47 50 49 45 47 45 43 42 39 37 35 33 30 30 28 27 28 27 27 28 30 29 30 30 30 31 32 33 34 31 31 33 32 31 28 29 30 30 28 27 26 24 23 24 24 22 21 22 23 23 22 23 22 19 20 19 19 19 19 19 18 18 19 19 19 20 20 21 21 21 20 22 22 22 22 23
41 34 33 31 31 31 31 32 32 40 31 43 38 41 50 46 41 49 36 49 50 50 49 48 45 46 44 42 39 37 33 31 32 31 31 30 29 29 27 26 27 30 30 29 28 28 30 31 30 27 27 31 33 32 27 23 29 29 26 26 25 23 21 23 23 23 23 22 23 22 21 19 19 21 20 19 20 20 19 18 18 18 20 19 19 20 20 21 21 21 21 23 24 25 25 25
41 34 35 31 31 31 31 31 30 34 31 31 31 39 45 52 45 48 49 40 41 48 50 48 50 47 45 42 40 37 33 31 31 30 29 28 27 29 26 25 26 26 27 27 27 27 28 27 28 25 24 27 30 31 31 28 22 26 26 26 26 25 24 23 24 21 21 21 20 20 20 21 23 21 21 22 22 22 21 18 18 19 19 19 19 20 20 20 20 21 20 22 24 25 26 27
39 35 38 38 33 31 33 31 31 30 30 31 31 32 38 41 51 42 46 50 50 52 52 50 48 46 47 42 39 36 34 34 32 31 31 31 28 27 27 27 29 28 25 27 27 27 25 26 25 22 24 25 25 26 27 26 26 23 24 25 25 25 23 23 22 21 23 21 21 20 21 21 20 21 20 21 22 19 19 18 18 19 20 19 20 20 20 20 20 21 21 22 23 25 26 26
38 35 37 39 38 33 35 36 31 31 31 39 38 31 34 38 39 53 50 46 44 45 51 54 54 52 44 44 40 37 34 34 32 32 30 30 30 28 27 26 26 24 24 25 25 26 26 25 22 27 26 25 26 24 23 25 24 24 22 22 24 24 23 24 23 22 21 21 20 20 20 22 22 22 21 18 18 18 19 19 19 19 20 20 20 20 20 20 20 21 21 21 22 22 24 24
40 39 41 38 38 37 36 33 34 40 45 39 33 32 40 51 53 51 44 44 48 49 50 53 53 51 50 47 41 36 34 31 30 31 31 30 28 28 26 26 25 25 24 24 23 23 23 26 29 29 28 26 25 23 24 24 22 24 23 22 22 24 23 21 19 19 21 22 22 19 19 19 22 19 18 18 18 18 18 19 19 19 20 21 21 21 20 19 19 19 21 21 21 22 22 22
43 38 42 41 41 39 36 36 41 42 38 41 32 30 41 43 45 48 47 47 44 51 48 51 50 56 52 50 41 37 36 33 31 29 31 29 28 29 28 26 25 25 24 23 23 23 23 25 28 29 28 27 26 26 24 24 24 24 23 23 22 21 20 19 19 18 19 19 21 19 19 19 19 19 19 18 18 18 19 19 19 21 21 22 23 22 20 21 19 20 20 21 21 21 21 21
40 40 44 42 44 49 44 39 36 39 38 41 37 30 30 38 36 38 41 47 51 52 50 44 43 46 54 43 41 38 36 35 33 31 30 31 31 27 28 27 26 25 25 24 23 23 23 26 27 25 28 29 27 26 26 26 25 25 25 23 22 21 19 19 19 19 19 19 19 19 19 19 21 21 19 19 19 20 22 19 21 20 23 24 24 23 23 21 21 22 21 21 21 23 21 21
40 44 42 40 45 50 53 47 39 40 40 38 38 31 30 30 36 34 38 44 38 47 47 49 40 44 52 48 45 40 38 38 36 34 32 31 29 27 26 27 26 25 26 25 24 23 23 23 26 26 25 27 29 28 26 24 24 23 22 21 20 20 19 19 19 19 19 18 19 20 19 19 19 19 20 19 20 21 22 19 20 21 23 24 23 23 23 23 21 21 21 20 20 21 21 21
42 51 45 43 46 47 46 41 43 40 38 36 38 31 30 29 28 27 26 35 36 38 47 47 45 40 50 52 48 42 39 39 38 36 32 27 26 26 26 25 26 26 26 24 25 25 22 22 22 23 23 28 28 27 27 25 23 21 20 20 20 20 20 19 19 20 19 19 19 19 19 19 19 19 19 18 18 20 19 19 20 21 22 23 24 24 23 22 24 24 23 21 20 19 21 21
45 45 54 48 46 51 48 47 43 39 38 40 41 43 35 30 33 36 27 31 33 40 42 41 42 38 47 53 48 44 44 44 39 36 33 30 27 24 25 27 26 25 26 24 24 25 23 22 22 21 21 24 24 21 24 21 22 21 23 22 21 20 21 20 20 20 19 18 18 19 19 19 19 19 18 17 19 18 18 19 19 20 21 21 23 24 23 23 24 24 23 21 21 20 21 21
37 42 42 45 43 43 55 51 58 56 54 41 38 43 41 38 37 31 39 29 29 30 31 44 42 40 47 53 53 50 49 47 45 40 36 31 28 25 27 27 27 27 27 25 25 25 23 23 22 20 20 20 22 24 25 26 24 24 25 24 22 21 20 20 19 19 19 18 19 20 20 18 19 19 18 17 17 18 19 19 19 19 19 21 22 24 23 22 23 23 23 22 21 19 23 23
44 47 54 43 45 40 43 49 52 55 54 40 44 54 53 42 36 36 47 44 41 38 37 44 41 44 47 44 53 52 49 50 47 44 39 35 33 30 30 30 30 27 27 28 27 25 23 23 21 22 20 20 20 21 24 25 26 27 27 26 25 22 20 20 20 19 19 18 18 20 19 19 18 18 18 18 18 18 19 19 19 19 19 19 20 21 21 22 21 20 22 22 20 20 22 23
45 49 52 55 55 46 41 41 44 50 51 54 53 50 49 49 37 46 48 47 32 37 35 37 32 38 36 41 50 53 53 53 49 47 43 38 36 33 33 31 31 30 30 27 27 25 26 25 23 23 20 20 20 23 23 24 25 25 26 24 24 23 20 20 20 19 19 19 19 19 19 20 19 19 18 18 18 18 19 19 19 19 19 18 18 19 19 18 19 18 19 20 20 20 21 22
39 43 58 52 54 53 49 47 43 43 45 47 47 43 50 47 37 50 44 42 44 35 39 30 31 31 41 45 47 49 52 54 51 50 47 43 39 37 36 33 33 31 30 28 27 28 28 26 23 23 23 21 22 21 22 23 24 23 23 23 21 20 20 20 20 19 19 19 19 19 18 18 21 19 19 19 19 18 18 19 19 19 20 19 19 19 19 18 19 19 19 20 20 20 21 21
41 44 45 50 53 49 52 50 51 46 41 43 40 44 47 48 39 49 48 47 44 40 33 31 31 32 33 46 42 44 53 55 56 54 51 47 42 39 39 38 35 33 31 29 30 29 27 26 25 24 24 22 23 23 27 26 24 24 23 23 22 22 21 20 20 20 18 18 18 18 18 18 18 18 18 18 19 18 18 19 19 19 20 20 19 21 20 20 20 20 20 20 20 20 22 21
42 39 48 48 53 48 49 49 52 49 48 44 41 45 45 46 46 48 46 44 32 40 40 35 36 34 35 38 45 48 41 51 52 52 51 49 44 43 41 40 39 37 36 33 31 30 29 29 25 25 25 26 26 30 34 36 28 24 24 22 21 21 21 21 21 21 18 18 18 18 18 18 18 18 18 18 19 22 20 20 20 19 20 20 20 23 22 23 23 23 22 21 22 23 22 23
45 41 49 45 50 45 45 49 52 52 52 49 43 42 36 38 43 40 44 32 32 44 38 40 39 39 34 35 35 38 41 53 54 53 50 49 47 44 40 38 39 40 38 36 33 33 30 29 28 29 28 27 28 33 36 38 38 28 25 24 23 21 23 21 20 19 18 17 17 17 18 18 18 19 19 19 20 22 21 20 20 19 20 20 21 23 24 26 26 25 23 22 23 22 22 22
44 45 41 47 43 51 49 52 51 49 49 51 51 48 43 36 34 33 33 39 43 47 44 44 44 44 37 36 37 42 49 46 46 50 52 46 44 43 38 36 35 35 37 37 36 33 33 30 29 30 27 25 28 32 34 36 38 37 28 26 24 24 22 21 20 21 19 18 18 18 18 18 19 20 19 19 20 21 21 23 20 20 19 20 21 26 28 28 28 28 26 23 23 23 24 24
47 46 41 41 46 52 52 45 49 42 52 52 52 48 47 45 36 33 33 35 36 44 46 43 46 44 43 42 38 41 44 49 50 43 42 45 45 41 37 35 35 32 34 35 37 36 34 33 31 27 26 26 27 28 31 32 35 36 36 34 28 26 26 26 22 21 21 19 17 18 18 18 19 22 19 19 21 23 23 20 19 20 20 20 20 23 28 30 31 31 28 28 26 26 26 26
48 43 43 44 45 55 42 42 38 45 47 47 52 49 43 41 36 33 36 34 43 44 43 44 43 43 40 38 40 41 47 48 46 41 38 38 38 35 35 35 34 33 32 32 34 35 34 31 27 28 28 26 27 26 27 27 29 31 33 33 34 35 33 33 28 25 24 19 17 18 17 18 19 19 19 19 19 21 21 19 18 19 18 21 21 21 22 24 30 36 37 35 32 31 29 28
46 45 41 44 47 46 41 38 39 35 40 44 45 50 50 42 37 34 33 36 35 41 37 40 42 43 41 40 38 38 39 40 44 44 39 37 35 34 34 34 35 35 35 31 29 29 29 29 27 28 26 26 26 25 25 26 26 28 30 32 32 31 31 30 29 27 26 22 24 19 19 19 19 19 19 19 19 19 20 19 20 19 19 19 19 19 23 22 25 30 36 34 31 29 28 26
43 47 45 48 51 44 44 40 40 39 36 38 37 44 45 52 46 39 40 38 37 36 40 38 41 42 42 41 40 39 36 38 41 42 41 38 35 33 33 33 35 35 35 32 30 29 26 26 25 25 25 26 26 25 26 25 25 26 28 29 31 29 29 27 27 24 25 26 24 19 18 18 19 18 19 19 19 21 19 19 20 18 18 18 19 20 21 22 25 24 27 27 26 25 24 23
51 47 47 48 47 43 45 43 37 33 33 32 32 35 36 37 34 33 34 44 39 41 43 37 38 40 41 41 40 39 36 36 39 41 42 38 36 34 32 30 31 33 32 30 28 26 26 24 23 23 24 25 26 25 26 26 24 26 28 28 29 29 29 28 26 24 25 24 23 19 16 19 20 19 19 19 19 21 20 19 20 21 19 21 21 22 23 25 24 25 25 24 22 22 21 22
48 49 47 43 41 40 44 39 34 36 32 35 31 35 34 34 33 36 35 39 41 42 38 35 36 40 40 38 36 36 34 36 39 40 41 40 36 35 32 29 29 29 29 28 28 28 29 25 24 23 26 26 26 26 27 26 25 25 26 26 27 27 26 26 24 24 23 22 22 19 19 21 19 19 19 18 19 21 21 20 22 23 23 22 22 23 23 24 23 24 24 24 23 21 20 22
42 47 44 47 47 40 40 37 34 36 42 40 34 39 40 39 42 41 46 35 33 38 40 34 36 37 40 38 36 34 35 34 36 38 40 38 33 31 30 31 29 29 28 27 28 29 30 29 25 24 24 26 26 27 26 26 25 25 25 26 26 26 25 25 25 24 23 21 22 22 23 21 21 18 19 19 19 20 21 21 23 23 22 23 24 24 24 24 24 26 25 27 24 24 22 23
42 39 38 47 44 40 34 33 37 41 40 35 35 39 39 43 40 39 43 40 38 36 34 33 33 33 36 34 39 37 36 34 34 33 32 32 37 36 36 36 33 30 26 26 28 32 34 31 27 27 25 26 26 26 26 26 26 25 25 25 25 24 24 23 23 23 22 21 22 23 23 24 21 19 19 20 20 20 23 23 23 24 25 24 25 26 24 25 26 27 27 27 26 26 26 25
46 45 42 40 43 38 36 32 32 34 40 35 36 39 40 42 46 44 47 43 34 41 35 43 35 40 34 39 39 43 45 43 41 38 37 35 37 38 38 39 36 31 26 29 30 32 35 37 32 31 26 25 26 26 26 26 26 26 26 25 25 25 24 23 23 23 23 23 23 23 23 23 22 19 25 22 21 22 23 23 24 26 26 27 28 28 30 29 29 30 30 29 29 28 29 28
44 40 39 39 36 36 32 31 32 34 41 38 35 43 35 41 42 43 45 43 39 43 42 41 41 41 42 37 35 35 39 40 43 45 48 39 36 36 38 39 38 33 30 31 33 33 34 35 35 30 27 26 27 27 26 25 24 24 24 25 25 25 24 24 23 23 23 25 24 23 23 23 18 24 26 27 28 25 24 23 27 25 28 29 29 31 32 32 32 32 32 32 32 29 29 29
45 42 38 36 36 34 33 32 32 38 40 42 41 37 34 39 38 48 46 45 46 43 42 42 47 49 40 47 39 37 40 36 37 39 38 40 35 35 35 36 34 33 30 30 30 30 31 32 32 30 28 27 27 25 25 24 23 23 24 24 25 25 24 24 24 24 24 24 25 24 23 18 24 25 26 28 27 26 29 26 28 29 29 31 32 32 34 35 33 32 31 31 32 32 30 29
41 38 37 35 35 34 33 33 33 35 36 37 37 39 38 36 38 36 40 41 39 42 45 45 52 46 47 42 42 40 43 40 39 38 36 38 36 35 33 31 31 31 31 31 33 32 32 30 30 26 26 26 27 28 26 24 24 24 24 24 24 25 24 24 23 23 24 24 23 23 22 18 24 27 25 26 29 29 32 30 33 33 33 34 22 37 38 38 37 35 34 32 29 32 30 29
40 38 38 37 36 35 36 36 37 35 36 36 37 38 42 43 38 39 37 39 39 40 45 43 52 45 45 49 48 42 49 47 41 44 45 35 42 38 35 35 33 32 32 32 32 30 28 27 24 26 26 27 28 28 28 32 31 30 24 24 24 24 24 24 24 24 23 21 20 22 22 17 19 23 24 23 25 28 31 32 33 34 34 35 35 38 38 37 38 36 37 36 35 28 29 25
40 40 41 38 37 37 43 36 34 36 36 37 36 34 37 39 37 40 41 45 43 43 41 44 47 51 48 52 47 49 49 54 50 45 45 39 42 43 39 38 36 36 34 33 33 32 32 27 27 27 28 29 30 30 30 31 29 29 25 25 24 24 25 24 24 23 21 20 21 20 18 17 20 23 22 23 26 29 31 33 34 33 32 33 36 36 38 36 37 35 31 34 27 28 26 31
43 43 41 38 38 40 43 39 36 36 37 38 38 38 34 33 35 36 42 47 44 42 47 44 47 44 54 58 52 49 52 47 52 52 49 45 45 47 42 39 38 36 34 33 33 33 33 32 30 30 31 32 31 31 31 29 27 26 25 24 24 24 24 23 22 21 19 22 21 18 22 22 23 23 21 21 24 27 31 35 35 33 36 34 34 36 37 40 33 30 29 29 28 36 38 38
48 48 44 40 44 42 47 42 36 39 42 37 41 36 36 34 33 35 40 49 44 45 47 43 49 63 67 63 55 56 50 65 53 51 46 42 46 47 43 42 38 35 35 34 34 33 33 33 32 32 31 32 32 32 30 28 27 27 26 25 24 24 22 21 21 22 23 21 20 19 22 23 21 21 22 24 24 26 28 33 38 38 38 36 34 29 30 31 31 29 30 31 29 29 31 39
55 46 41 42 47 46 43 42 40 41 43 41 39 40 39 36 33 34 39 41 45 45 47 46 48 62 64 49 73 69 66 55 63 56 49 49 50 48 47 43 42 38 37 37 36 35 35 34 34 33 33 33 33 33 30 29 29 28 27 30 26 24 22 22 21 22 22 22 22 19 20 21 23 22 22 22 24 24 28 31 33 38 30 29 30 29 29 28 30 32 31 27 33 33 33 33
41 39 40 42 38 42 46 44 46 40 47 47 46 40 39 36 36 35 37 41 41 43 46 48 55 63 65 55 60 62 69 67 59 59 52 52 53 52 49 52 45 45 42 41 40 38 38 36 37 37 36 35 36 35 34 32 30 29 28 27 26 23 22 22 22 22 22 20 19 20 22 23 22 22 22 22 22 23 26 29 31 34 30 28 28 28 31 32 30 27 27 30 32 36 36 35
41 38 42 41 46 44 46 44 43 39 40 40 37 40 39 36 36 36 37 41 40 40 49 50 62 57 67 65 70 69 70 69 67 54 63 60 56 51 49 54 54 46 47 42 40 40 40 38 38 38 38 36 37 32 38 40 34 32 28 25 25 23 23 22 22 23 22 20 20 19 21 23 24 24 25 22 23 24 25 27 32 31 35 38 32 31 28 30 32 32 31 30 30 31 36 35
41 37 47 48 52 47 45 41 36 36 38 33 36 38 36 38 37 38 37 37 40 43 46 51 66 61 69 69 66 66 72 67 66 69 62 69 62 56 60 52 48 52 50 45 43 42 40 40 38 39 37 36 36 35 39 42 39 35 31 26 26 28 24 28 24 22 24 21 21 19 20 24 26 26 26 23 25 25 25 25 28 32 32 32 32 33 27 27 27 28 30 30 33 32 30 31
43 37 49 55 47 42 47 43 39 38 39 36 32 38 36 37 40 38 36 36 40 40 42 45 55 60 68 65 69 73 77 62 71 65 74 68 71 54 69 65 53 49 47 49 48 48 41 39 39 40 38 35 35 33 39 42 42 40 38 33 32 31 30 28 24 23 22 21 20 18 19 24 26 27 25 24 24 24 25 26 28 30 35 37 33 30 30 34 31 34 30 29 28 27 31 30
41 45 47 50 41 38 42 41 35 37 37 31 32 36 33 40 36 34 36 36 36 39 41 43 50 47 68 58 62 66 75 73 72 73 89 75 63 69 69 70 64 59 59 55 49 47 47 44 41 39 35 35 35 35 36 40 42 40 39 39 39 37 34 30 31 25 23 22 22 20 22 23 24 25 23 22 23 23 26 27 27 29 32 30 26 29 35 32 32 34 33 30 32 30 32 32
