analysis/data/raw_data/dwd_gridded/monthly_air_temperature_min_01_Jan_grids_germany_monthly_air_temp_min_190401.asc
NCOLS 654
NROWS 866
XLLCORNER 3280414.711633467
YLLCORNER 5237500.62890625
CELLSIZE 1000
NODATA_VALUE -999
[rows 779 to 819 of 866, columns 282 to 375 of 654]
-48 -52 -51 -50 -51 -51 -49 -50 -50 -49 -51 -51 -52 -51 -51 -50 -51 -51 -51 -50 -51 -51 -51 -52 -53 -55 -56 -58 -58 -59 -60 -60 -59 -59 -59 -59 -60 -60 -61 -62 -62 -62 -62 -62 -61 -61 -61 -62 -61 -61 -61 -62 -62 -62 -61 -60 -60 -60 -60 -60 -60 -60 -60 -60 -60 -60 -60 -61 -62 -62 -61 -61 -61 -61 -61 -61 -61 -60 -62 -62 -61 -61 -62 -61 -61 -61 -61 -61 -59 -59 -59 -59 -58 -58
-48 -49 -51 -51 -51 -51 -49 -49 -50 -50 -52 -50 -50 -51 -51 -50 -51 -52 -50 -50 -50 -51 -51 -52 -53 -54 -55 -57 -59 -59 -60 -60 -59 -59 -60 -61 -61 -61 -61 -62 -63 -62 -61 -62 -62 -61 -61 -61 -61 -61 -61 -61 -62 -62 -61 -61 -60 -60 -60 -60 -60 -60 -61 -60 -60 -61 -61 -61 -62 -62 -61 -61 -61 -61 -61 -61 -61 -61 -62 -62 -62 -62 -62 -62 -61 -61 -61 -61 -59 -59 -58 -58 -58 -57
-49 -52 -51 -51 -51 -51 -50 -50 -50 -49 -51 -50 -51 -51 -52 -50 -52 -50 -50 -50 -51 -51 -51 -51 -53 -55 -56 -58 -59 -60 -59 -59 -60 -59 -59 -61 -61 -61 -62 -62 -64 -62 -62 -62 -62 -62 -62 -61 -61 -61 -61 -61 -62 -62 -61 -61 -60 -60 -60 -60 -60 -60 -61 -60 -61 -61 -61 -61 -61 -61 -61 -61 -61 -61 -61 -61 -61 -61 -62 -62 -62 -62 -62 -62 -61 -62 -61 -61 -60 -60 -60 -59 -58 -58
-50 -52 -51 -51 -51 -51 -50 -51 -51 -49 -50 -50 -50 -50 -49 -51 -51 -51 -50 -50 -50 -50 -51 -52 -53 -54 -55 -58 -58 -59 -59 -60 -60 -61 -60 -61 -62 -62 -62 -63 -64 -63 -63 -62 -62 -62 -63 -60 -61 -61 -61 -61 -62 -63 -62 -62 -61 -62 -61 -61 -60 -61 -61 -61 -60 -60 -60 -61 -61 -61 -61 -61 -62 -62 -61 -61 -61 -61 -60 -62 -61 -61 -61 -62 -62 -62 -60 -60 -59 -60 -60 -59 -59 -57
-50 -50 -49 -50 -50 -51 -51 -50 -51 -51 -50 -50 -50 -49 -49 -50 -51 -50 -50 -50 -50 -49 -51 -51 -52 -53 -54 -55 -58 -59 -60 -60 -60 -62 -62 -62 -62 -62 -64 -64 -63 -64 -64 -63 -62 -62 -63 -62 -62 -62 -62 -62 -63 -63 -63 -62 -62 -62 -62 -62 -61 -61 -61 -60 -60 -61 -61 -62 -61 -62 -61 -61 -62 -62 -61 -61 -61 -60 -60 -61 -62 -61 -62 -62 -61 -61 -61 -60 -60 -60 -60 -60 -59 -58
-50 -51 -50 -51 -51 -51 -51 -50 -50 -51 -51 -50 -50 -50 -49 -50 -50 -50 -49 -49 -49 -49 -51 -51 -52 -53 -54 -55 -58 -60 -60 -60 -61 -64 -63 -63 -63 -64 -64 -64 -64 -64 -64 -65 -63 -62 -63 -62 -62 -62 -62 -62 -62 -63 -63 -63 -62 -62 -62 -62 -61 -61 -60 -60 -60 -62 -62 -62 -62 -62 -61 -61 -62 -62 -62 -61 -61 -60 -61 -61 -62 -62 -62 -62 -61 -60 -60 -60 -60 -60 -60 -60 -59 -58
-50 -50 -51 -51 -50 -51 -52 -51 -50 -50 -50 -48 -48 -49 -50 -48 -50 -49 -49 -49 -49 -50 -51 -51 -52 -53 -55 -56 -59 -60 -60 -62 -62 -63 -63 -66 -65 -65 -65 -65 -65 -66 -65 -65 -64 -64 -63 -63 -62 -62 -62 -63 -62 -64 -63 -62 -63 -62 -62 -62 -62 -61 -61 -60 -61 -62 -62 -62 -62 -62 -62 -62 -63 -63 -61 -61 -61 -60 -61 -61 -62 -62 -62 -62 -61 -60 -60 -60 -60 -60 -60 -60 -59 -57
-50 -50 -50 -51 -51 -50 -50 -50 -49 -50 -50 -47 -49 -49 -49 -48 -49 -49 -49 -49 -49 -50 -51 -52 -53 -54 -55 -57 -59 -60 -62 -63 -64 -64 -65 -67 -66 -66 -66 -66 -66 -65 -66 -65 -64 -66 -64 -64 -65 -63 -63 -64 -63 -63 -63 -63 -63 -62 -62 -61 -61 -63 -62 -62 -62 -62 -62 -62 -62 -62 -62 -62 -64 -63 -62 -61 -61 -60 -62 -62 -62 -62 -62 -62 -62 -61 -60 -60 -60 -60 -61 -60 -59 -57
-49 -50 -50 -52 -51 -51 -50 -49 -48 -49 -48 -48 -48 -47 -48 -47 -48 -49 -48 -47 -48 -50 -51 -51 -53 -55 -56 -57 -58 -61 -63 -64 -65 -66 -67 -68 -68 -67 -67 -67 -66 -66 -67 -66 -65 -66 -65 -64 -63 -64 -65 -65 -63 -63 -63 -63 -63 -63 -62 -61 -61 -63 -62 -62 -62 -62 -62 -62 -62 -63 -63 -63 -63 -63 -63 -62 -61 -60 -61 -62 -62 -62 -62 -62 -62 -61 -61 -60 -61 -60 -59 -59 -58 -57
-49 -49 -52 -52 -52 -51 -50 -49 -49 -49 -47 -47 -48 -48 -48 -47 -48 -49 -47 -47 -48 -50 -52 -52 -53 -56 -56 -57 -59 -63 -64 -64 -67 -68 -68 -70 -69 -69 -69 -69 -68 -67 -67 -67 -66 -67 -66 -65 -64 -64 -65 -65 -64 -63 -63 -63 -63 -63 -62 -62 -62 -62 -62 -62 -62 -62 -62 -62 -63 -63 -63 -63 -63 -63 -62 -62 -62 -61 -62 -62 -62 -62 -63 -63 -62 -61 -61 -60 -59 -59 -59 -59 -57 -56
-49 -50 -51 -51 -52 -50 -50 -49 -48 -49 -47 -47 -48 -48 -48 -47 -47 -48 -47 -47 -48 -50 -52 -53 -55 -57 -57 -58 -60 -63 -64 -65 -68 -68 -68 -70 -70 -71 -69 -69 -68 -68 -67 -68 -67 -67 -67 -66 -64 -65 -66 -66 -64 -63 -63 -62 -62 -62 -62 -62 -62 -62 -62 -64 -63 -62 -62 -63 -63 -64 -63 -63 -64 -62 -62 -62 -62 -60 -62 -63 -63 -63 -64 -63 -61 -60 -60 -60 -60 -59 -60 -57 -57 -56
-49 -50 -51 -51 -51 -51 -48 -48 -48 -48 -46 -48 -48 -48 -47 -48 -47 -48 -46 -47 -48 -49 -51 -53 -54 -56 -57 -59 -62 -63 -65 -68 -68 -70 -70 -70 -73 -72 -71 -69 -69 -68 -68 -67 -68 -68 -67 -65 -65 -64 -66 -66 -63 -64 -64 -63 -63 -64 -63 -62 -63 -63 -63 -63 -64 -64 -64 -64 -63 -63 -63 -64 -66 -62 -62 -63 -62 -61 -64 -63 -63 -63 -64 -62 -61 -61 -60 -60 -59 -59 -59 -57 -57 -56
-51 -49 -49 -49 -50 -48 -47 -48 -48 -48 -47 -47 -48 -47 -46 -47 -47 -47 -46 -45 -47 -48 -50 -51 -54 -56 -58 -58 -62 -65 -67 -69 -70 -70 -70 -71 -73 -72 -72 -71 -71 -68 -70 -69 -69 -67 -66 -65 -64 -65 -66 -65 -64 -64 -65 -64 -64 -63 -63 -63 -63 -63 -63 -64 -64 -64 -64 -63 -63 -65 -65 -64 -64 -65 -64 -64 -63 -62 -61 -64 -63 -63 -62 -62 -61 -61 -60 -60 -59 -59 -57 -56 -55 -55
-52 -51 -48 -48 -48 -47 -47 -47 -48 -48 -48 -47 -48 -47 -47 -46 -47 -46 -45 -45 -46 -49 -50 -51 -55 -57 -59 -59 -62 -66 -67 -69 -71 -71 -71 -72 -73 -73 -73 -71 -71 -68 -68 -70 -69 -68 -66 -66 -65 -67 -65 -64 -65 -65 -66 -64 -64 -63 -63 -64 -64 -63 -64 -64 -64 -64 -63 -63 -63 -66 -65 -64 -65 -64 -64 -64 -63 -63 -62 -62 -63 -61 -62 -62 -62 -60 -60 -60 -59 -57 -57 -55 -55 -54
-52 -48 -48 -48 -47 -47 -48 -49 -49 -47 -48 -47 -47 -47 -47 -46 -47 -46 -45 -45 -46 -48 -50 -52 -54 -56 -60 -60 -62 -66 -67 -70 -71 -73 -71 -72 -71 -73 -72 -72 -71 -70 -67 -70 -69 -68 -68 -68 -65 -66 -64 -65 -65 -65 -66 -64 -64 -63 -63 -64 -64 -64 -64 -64 -63 -64 -64 -64 -65 -66 -66 -65 -64 -65 -64 -65 -64 -63 -62 -62 -61 -63 -62 -62 -61 -60 -60 -60 -59 -57 -56 -55 -54 -53
-50 -48 -48 -48 -47 -49 -48 -49 -49 -46 -47 -47 -47 -47 -46 -46 -46 -44 -44 -45 -47 -47 -50 -53 -55 -56 -59 -61 -63 -65 -67 -68 -72 -72 -71 -72 -72 -72 -72 -70 -72 -70 -67 -69 -69 -66 -68 -67 -67 -65 -65 -65 -67 -66 -66 -65 -64 -63 -64 -64 -64 -64 -65 -64 -64 -64 -64 -64 -65 -66 -66 -66 -65 -65 -65 -65 -65 -64 -64 -63 -61 -61 -62 -61 -61 -60 -60 -59 -59 -58 -56 -54 -53 -54
-49 -48 -48 -48 -47 -48 -48 -49 -48 -47 -46 -46 -46 -46 -46 -46 -44 -45 -44 -44 -47 -48 -49 -51 -55 -57 -60 -60 -63 -66 -67 -68 -71 -72 -71 -71 -71 -72 -71 -71 -70 -71 -70 -66 -68 -67 -67 -67 -66 -66 -66 -65 -67 -67 -66 -67 -65 -65 -64 -64 -64 -64 -65 -64 -64 -64 -65 -64 -66 -66 -67 -66 -66 -65 -65 -66 -65 -64 -64 -64 -62 -62 -63 -62 -60 -59 -59 -60 -59 -58 -55 -54 -54 -54
-48 -48 -48 -49 -48 -48 -49 -47 -48 -46 -47 -46 -45 -47 -46 -45 -45 -46 -44 -45 -47 -48 -48 -50 -54 -59 -60 -61 -63 -67 -68 -68 -70 -73 -73 -71 -71 -70 -72 -72 -71 -71 -70 -67 -68 -68 -67 -67 -65 -67 -66 -65 -67 -67 -67 -67 -66 -65 -64 -64 -64 -64 -65 -65 -64 -64 -66 -66 -65 -66 -66 -67 -67 -66 -65 -66 -64 -64 -64 -63 -63 -63 -63 -62 -61 -60 -60 -60 -59 -56 -55 -54 -54 -54
-48 -48 -49 -51 -48 -46 -46 -46 -45 -46 -46 -45 -44 -45 -45 -42 -43 -44 -44 -47 -47 -48 -49 -49 -53 -57 -61 -60 -63 -66 -67 -68 -69 -70 -73 -71 -70 -72 -72 -71 -72 -71 -71 -67 -69 -69 -68 -66 -67 -67 -66 -65 -66 -66 -68 -67 -67 -65 -63 -63 -64 -64 -65 -64 -64 -66 -66 -66 -67 -68 -67 -68 -67 -68 -65 -65 -65 -65 -64 -64 -63 -62 -64 -62 -61 -60 -59 -58 -56 -55 -54 -53 -54 -54
-49 -49 -50 -51 -50 -46 -46 -45 -46 -44 -46 -44 -44 -42 -42 -41 -45 -44 -45 -47 -47 -48 -50 -52 -53 -56 -59 -60 -62 -66 -67 -68 -68 -70 -72 -72 -72 -70 -72 -71 -72 -71 -69 -69 -69 -69 -68 -67 -67 -67 -66 -66 -65 -66 -67 -67 -67 -65 -64 -63 -63 -64 -65 -64 -65 -66 -67 -66 -68 -68 -68 -68 -68 -68 -67 -67 -67 -67 -66 -64 -64 -64 -63 -63 -62 -59 -58 -57 -57 -58 -54 -52 -53 -52
-48 -49 -50 -51 -49 -46 -45 -44 -47 -46 -44 -43 -42 -42 -40 -41 -44 -45 -46 -47 -47 -49 -50 -51 -54 -55 -56 -60 -64 -65 -66 -66 -68 -72 -70 -71 -73 -71 -69 -73 -71 -72 -68 -69 -70 -70 -70 -69 -68 -68 -67 -67 -65 -66 -72 -67 -67 -64 -64 -63 -63 -64 -65 -65 -64 -66 -67 -67 -67 -69 -69 -69 -69 -68 -68 -68 -66 -67 -66 -66 -65 -64 -62 -62 -60 -60 -58 -57 -58 -58 -56 -54 -52 -53
-50 -49 -50 -50 -48 -46 -46 -45 -46 -46 -44 -40 -40 -39 -39 -43 -45 -45 -46 -47 -49 -50 -50 -51 -54 -56 -57 -60 -64 -66 -66 -65 -67 -68 -72 -71 -73 -72 -70 -71 -70 -71 -69 -67 -69 -69 -69 -70 -68 -67 -67 -67 -65 -66 -67 -68 -66 -64 -64 -65 -63 -65 -65 -66 -64 -66 -67 -67 -67 -70 -69 -69 -69 -69 -68 -69 -69 -67 -67 -66 -65 -64 -62 -61 -60 -58 -57 -57 -56 -56 -56 -54 -51 -52
-50 -50 -51 -50 -47 -46 -45 -45 -44 -42 -42 -40 -40 -39 -40 -43 -44 -47 -47 -47 -49 -50 -50 -51 -54 -57 -56 -61 -62 -65 -65 -65 -66 -68 -69 -71 -71 -71 -69 -72 -72 -70 -70 -67 -67 -68 -70 -71 -68 -67 -66 -66 -65 -65 -67 -68 -65 -64 -64 -64 -63 -65 -65 -65 -66 -67 -67 -67 -68 -70 -69 -69 -69 -69 -68 -70 -68 -68 -67 -66 -66 -66 -64 -61 -58 -56 -55 -55 -54 -54 -54 -52 -50 -51
-51 -51 -49 -48 -47 -48 -46 -45 -43 -42 -42 -41 -41 -41 -43 -44 -46 -46 -47 -48 -50 -50 -52 -53 -55 -56 -57 -61 -62 -63 -63 -64 -65 -66 -67 -70 -71 -70 -69 -70 -70 -70 -69 -67 -66 -68 -69 -68 -68 -68 -66 -66 -65 -65 -67 -67 -65 -64 -64 -65 -63 -64 -64 -64 -66 -67 -66 -67 -70 -69 -69 -70 -70 -68 -68 -68 -69 -69 -69 -67 -67 -66 -62 -62 -59 -56 -54 -52 -52 -53 -51 -50 -50 -51
-50 -50 -49 -49 -47 -47 -46 -45 -44 -44 -44 -42 -42 -43 -44 -45 -44 -48 -49 -48 -51 -51 -52 -53 -55 -56 -58 -55 -59 -62 -62 -63 -64 -64 -65 -66 -68 -68 -68 -68 -69 -69 -68 -67 -67 -67 -69 -68 -67 -67 -66 -65 -65 -65 -68 -67 -64 -64 -64 -64 -63 -64 -64 -64 -67 -66 -68 -67 -69 -70 -69 -70 -69 -68 -69 -69 -70 -71 -70 -69 -68 -67 -62 -63 -57 -54 -52 -50 -51 -51 -52 -50 -49 -50
-50 -51 -50 -49 -47 -46 -46 -45 -45 -45 -44 -43 -43 -44 -43 -44 -46 -47 -49 -50 -50 -51 -53 -53 -55 -56 -59 -59 -59 -60 -60 -63 -63 -64 -65 -64 -65 -68 -67 -68 -68 -69 -69 -67 -67 -66 -67 -67 -66 -66 -66 -66 -65 -65 -66 -65 -65 -64 -64 -64 -64 -64 -65 -64 -67 -67 -68 -67 -69 -70 -69 -70 -69 -69 -69 -69 -70 -71 -71 -69 -66 -64 -63 -61 -57 -53 -52 -51 -50 -53 -51 -49 -49 -49
-51 -50 -50 -47 -47 -47 -47 -45 -46 -44 -45 -45 -44 -44 -44 -45 -48 -48 -48 -49 -50 -51 -53 -54 -56 -57 -58 -59 -59 -59 -59 -62 -62 -62 -62 -63 -64 -65 -66 -67 -67 -69 -67 -66 -67 -67 -68 -68 -66 -66 -66 -65 -65 -65 -65 -65 -64 -64 -64 -64 -64 -64 -65 -66 -67 -67 -67 -67 -69 -71 -70 -68 -69 -68 -69 -69 -70 -71 -71 -69 -66 -66 -62 -60 -57 -53 -53 -50 -51 -53 -53 -50 -49 -50
-50 -50 -50 -48 -48 -47 -47 -47 -46 -47 -47 -46 -45 -45 -46 -47 -49 -48 -50 -50 -51 -52 -53 -54 -56 -56 -56 -56 -59 -60 -60 -59 -59 -60 -61 -61 -63 -64 -64 -67 -68 -68 -65 -66 -67 -68 -67 -67 -65 -65 -65 -64 -64 -65 -65 -65 -65 -64 -64 -64 -65 -64 -65 -66 -66 -66 -66 -67 -68 -71 -71 -69 -69 -68 -69 -69 -69 -69 -68 -67 -65 -66 -63 -60 -57 -54 -54 -51 -52 -50 -50 -49 -48 -49
-50 -50 -50 -48 -48 -48 -49 -47 -46 -48 -48 -47 -47 -47 -48 -48 -48 -49 -52 -51 -52 -53 -53 -54 -55 -56 -56 -56 -57 -57 -59 -58 -58 -58 -60 -60 -62 -62 -62 -67 -67 -68 -64 -65 -66 -67 -66 -66 -66 -65 -65 -64 -64 -64 -64 -64 -65 -64 -64 -65 -65 -64 -64 -65 -66 -66 -67 -67 -68 -70 -71 -69 -68 -68 -68 -68 -69 -68 -66 -66 -66 -64 -63 -61 -57 -55 -54 -52 -51 -50 -50 -49 -49 -50
-48 -50 -49 -49 -48 -49 -49 -48 -47 -47 -46 -47 -48 -49 -47 -48 -49 -50 -51 -51 -52 -54 -54 -54 -55 -57 -56 -59 -59 -60 -59 -57 -58 -58 -58 -59 -60 -61 -62 -62 -66 -66 -63 -65 -67 -68 -67 -66 -66 -65 -65 -64 -65 -64 -64 -64 -64 -64 -64 -65 -66 -63 -64 -65 -65 -68 -69 -67 -68 -70 -72 -70 -68 -68 -67 -67 -67 -66 -67 -68 -66 -64 -64 -62 -57 -56 -53 -52 -52 -50 -51 -52 -51 -52
-50 -50 -49 -49 -49 -48 -48 -47 -47 -48 -47 -48 -48 -48 -48 -49 -49 -51 -52 -51 -53 -53 -54 -54 -55 -56 -57 -58 -58 -59 -60 -59 -59 -58 -58 -58 -59 -60 -61 -62 -64 -65 -63 -63 -65 -67 -67 -66 -66 -65 -65 -65 -65 -65 -64 -64 -65 -64 -64 -65 -65 -63 -64 -64 -65 -68 -68 -67 -69 -69 -71 -68 -68 -68 -67 -66 -66 -66 -68 -67 -65 -65 -63 -61 -58 -57 -53 -52 -52 -54 -53 -53 -53 -52
-50 -49 -49 -48 -49 -49 -48 -48 -48 -48 -48 -48 -49 -50 -49 -49 -49 -50 -50 -51 -53 -54 -57 -57 -58 -57 -59 -60 -61 -60 -60 -60 -60 -59 -58 -58 -59 -59 -60 -61 -62 -62 -61 -64 -66 -67 -66 -65 -65 -65 -64 -65 -64 -64 -65 -65 -64 -65 -64 -64 -65 -63 -64 -64 -66 -67 -68 -67 -67 -68 -68 -68 -68 -67 -67 -67 -67 -67 -68 -68 -66 -65 -67 -62 -63 -60 -57 -56 -56 -54 -53 -54 -53 -53
-50 -49 -49 -48 -48 -48 -47 -48 -48 -47 -48 -49 -49 -48 -49 -49 -49 -50 -51 -51 -52 -55 -56 -59 -58 -59 -59 -61 -60 -61 -61 -60 -60 -59 -58 -58 -60 -60 -61 -61 -62 -61 -62 -63 -65 -66 -65 -66 -66 -65 -64 -64 -64 -64 -64 -64 -64 -64 -64 -65 -64 -64 -64 -64 -65 -67 -68 -68 -70 -68 -67 -67 -68 -66 -67 -66 -67 -68 -67 -67 -67 -66 -67 -62 -60 -60 -58 -57 -56 -55 -54 -54 -53 -53
-49 -56 -48 -48 -48 -47 -47 -47 -48 -48 -48 -48 -49 -49 -49 -49 -49 -49 -51 -51 -53 -53 -56 -56 -58 -60 -60 -61 -61 -63 -61 -60 -61 -59 -58 -59 -59 -59 -60 -60 -62 -62 -63 -64 -66 -67 -66 -66 -66 -64 -65 -64 -63 -65 -65 -65 -65 -65 -65 -65 -65 -64 -64 -63 -64 -68 -69 -70 -71 -69 -67 -67 -67 -66 -65 -67 -68 -67 -67 -67 -68 -68 -65 -63 -59 -60 -59 -59 -56 -59 -56 -55 -55 -53
-50 -49 -49 -48 -48 -48 -46 -48 -47 -48 -49 -49 -49 -49 -50 -50 -50 -50 -51 -53 -54 -53 -56 -56 -59 -58 -60 -62 -62 -63 -61 -61 -62 -60 -59 -58 -59 -60 -60 -60 -61 -62 -64 -64 -67 -67 -66 -66 -65 -65 -65 -64 -66 -66 -65 -65 -64 -65 -65 -65 -65 -65 -65 -64 -64 -68 -70 -72 -72 -69 -68 -67 -67 -66 -65 -66 -67 -67 -67 -67 -67 -65 -65 -63 -62 -58 -60 -60 -61 -61 -58 -56 -55 -56
-50 -48 -48 -49 -47 -48 -48 -49 -48 -48 -47 -49 -51 -52 -52 -49 -50 -51 -53 -56 -56 -54 -57 -59 -62 -62 -60 -65 -67 -64 -62 -61 -62 -61 -58 -59 -59 -59 -60 -61 -61 -62 -64 -65 -68 -68 -67 -65 -65 -65 -65 -66 -66 -66 -65 -65 -66 -65 -65 -65 -65 -65 -64 -64 -64 -66 -67 -68 -68 -68 -67 -66 -66 -66 -66 -66 -67 -66 -66 -66 -66 -67 -66 -64 -63 -59 -61 -61 -61 -60 -61 -58 -57 -56
-50 -50 -48 -48 -49 -49 -50 -50 -50 -49 -51 -50 -51 -49 -50 -50 -52 -52 -53 -55 -58 -56 -62 -62 -66 -64 -64 -62 -65 -64 -63 -61 -63 -61 -59 -59 -59 -60 -60 -61 -62 -64 -63 -66 -68 -67 -67 -66 -66 -66 -66 -66 -66 -66 -66 -66 -65 -66 -65 -65 -66 -65 -64 -64 -64 -66 -67 -67 -68 -67 -67 -67 -66 -66 -65 -66 -67 -65 -65 -67 -69 -69 -65 -65 -64 -60 -62 -61 -60 -59 -59 -59 -57 -56
-49 -47 -48 -48 -50 -51 -50 -50 -49 -50 -50 -49 -50 -52 -49 -49 -51 -52 -53 -59 -61 -58 -63 -63 -67 -63 -67 -66 -63 -63 -62 -60 -63 -61 -60 -60 -60 -60 -62 -61 -62 -64 -65 -66 -68 -69 -67 -66 -66 -66 -66 -66 -67 -66 -66 -66 -66 -65 -65 -66 -66 -65 -65 -64 -66 -65 -67 -67 -66 -67 -67 -67 -66 -65 -66 -66 -66 -65 -67 -69 -67 -67 -67 -66 -64 -61 -61 -61 -60 -59 -59 -58 -58 -57
-47 -47 -49 -50 -51 -51 -51 -51 -50 -49 -49 -50 -50 -50 -51 -51 -52 -52 -53 -61 -62 -60 -59 -64 -66 -64 -67 -66 -65 -64 -63 -62 -62 -60 -61 -61 -60 -60 -61 -61 -63 -65 -65 -65 -68 -68 -67 -66 -67 -66 -66 -66 -65 -67 -67 -66 -66 -65 -66 -65 -66 -65 -65 -64 -67 -66 -66 -66 -67 -67 -67 -66 -66 -67 -66 -65 -66 -66 -67 -67 -66 -66 -67 -66 -65 -63 -62 -62 -62 -61 -61 -60 -59 -57
-48 -49 -50 -51 -50 -50 -50 -50 -49 -49 -50 -50 -50 -50 -51 -51 -53 -53 -54 -58 -61 -66 -62 -64 -65 -66 -67 -67 -64 -63 -64 -66 -62 -61 -62 -62 -60 -60 -61 -63 -63 -63 -65 -66 -67 -68 -67 -67 -67 -67 -67 -67 -66 -67 -67 -67 -66 -66 -66 -65 -66 -66 -66 -66 -67 -67 -67 -67 -66 -66 -67 -66 -65 -65 -65 -66 -66 -66 -65 -66 -66 -67 -66 -65 -65 -63 -64 -62 -62 -62 -63 -62 -61 -60
-47 -48 -50 -50 -49 -48 -49 -50 -50 -50 -50 -50 -50 -51 -52 -52 -52 -54 -55 -57 -63 -65 -64 -66 -65 -65 -68 -65 -64 -66 -66 -66 -63 -62 -63 -62 -61 -61 -61 -63 -64 -64 -65 -66 -68 -67 -67 -68 -67 -68 -68 -68 -67 -67 -67 -67 -66 -67 -67 -66 -66 -67 -67 -67 -66 -67 -66 -67 -66 -67 -67 -65 -65 -66 -66 -66 -65 -66 -66 -66 -67 -66 -67 -67 -66 -64 -64 -64 -64 -64 -64 -64 -64 -63
