analysis/data/raw_data/dwd_gridded/monthly_precipitation_01_Jan_grids_germany_monthly_precipitation_188201.asc
NCOLS 654
NROWS 866
XLLCORNER 3280414.711633467
YLLCORNER 5237500.62890625
CELLSIZE 1000
NODATA_VALUE -999
[rows 424 to 476 of 866, columns 0 to 95 of 654]
-999 -999 -999 -999 -999 -999 -999 -999 -999 -999 -999 -999 -999 -999 23 24 24 24 24 24 24 24 23 22 22 21 21 21 20 21 20 20 20 20 19 19 19 19 18 18 17 17 16 16 16 16 16 16 16 16 17 17 17 17 18 19 19 19 19 20 20 20 21 22 22 23 24 25 26 26 28 29 30 31 35 37 35 35 39 42 42 45 49 51 52 55 56 63 61 65 66 66 68 66 69 67
-999 -999 -999 -999 -999 -999 -999 -999 -999 -999 -999 -999 -999 -999 -999 23 24 24 24 24 24 23 23 23 22 21 22 21 21 20 20 20 20 20 19 19 19 19 19 18 18 17 17 16 16 16 16 17 17 17 17 17 17 18 19 19 19 19 20 20 20 20 21 21 22 23 25 26 26 27 31 31 31 34 34 37 38 39 40 41 41 44 46 51 56 56 53 59 62 63 64 66 67 68 69 67
-999 -999 -999 -999 -999 -999 -999 -999 -999 -999 -999 -999 -999 -999 -999 23 23 24 24 24 24 23 23 22 23 21 21 22 21 21 21 20 20 20 20 20 19 19 19 19 18 18 18 17 17 17 17 17 17 18 18 18 19 19 19 19 19 19 19 20 21 20 21 22 23 23 25 25 26 27 28 29 31 31 33 33 34 37 40 41 43 45 49 54 57 59 57 56 61 65 64 61 68 69 68 71
-999 -999 -999 -999 -999 -999 -999 -999 -999 -999 -999 -999 -999 -999 -999 23 23 23 23 24 24 23 23 22 22 22 21 21 21 21 21 20 20 20 20 20 20 20 19 18 19 17 18 18 18 18 18 18 19 18 19 19 20 19 20 19 19 19 20 20 21 21 22 23 24 24 24 25 26 27 28 29 29 30 32 33 35 36 40 43 45 47 50 51 54 58 56 57 61 62 64 62 67 67 64 73
-999 -999 -999 -999 -999 -999 -999 -999 -999 -999 -999 -999 -999 -999 -999 22 23 -999 -999 23 24 24 23 23 22 22 22 22 22 22 21 20 20 20 20 20 20 20 19 18 18 18 18 18 18 18 18 18 18 19 19 20 20 20 20 20 20 20 21 21 21 21 22 23 24 23 25 26 26 26 27 29 29 30 31 33 34 36 39 42 43 45 48 51 54 56 53 56 59 59 61 68 66 65 69 73
-999 -999 -999 -999 -999 -999 -999 -999 -999 -999 -999 -999 -999 -999 -999 -999 -999 -999 -999 -999 -999 23 23 23 22 22 22 22 22 22 21 20 20 20 20 21 20 20 20 20 19 19 19 19 18 19 19 19 19 19 19 19 20 20 20 20 20 20 21 21 21 22 22 23 23 24 25 26 26 27 27 29 29 30 31 32 34 37 37 41 42 44 47 51 53 55 52 50 57 56 63 73 76 75 81 80
-999 -999 -999 -999 -999 -999 -999 -999 -999 -999 -999 -999 -999 -999 -999 -999 -999 -999 -999 -999 -999 23 24 23 23 22 22 22 21 22 21 21 21 21 21 21 21 21 20 20 19 19 19 19 19 20 20 19 20 20 20 20 21 20 20 21 21 21 21 22 22 22 23 24 23 24 25 25 26 27 28 28 29 31 32 32 34 36 37 40 42 44 46 48 53 54 53 53 56 61 64 71 76 79 80 82
-999 -999 -999 -999 -999 -999 -999 -999 -999 -999 -999 -999 -999 -999 -999 -999 -999 -999 -999 -999 22 22 22 23 22 23 23 22 22 21 21 21 21 21 21 21 21 20 21 21 20 19 19 20 20 20 20 20 20 20 20 20 21 21 21 22 22 22 22 23 23 23 23 23 24 24 25 25 26 26 27 29 30 31 32 32 33 34 36 39 40 44 45 49 49 54 55 57 57 60 65 67 70 78 83 78
-999 -999 -999 -999 -999 -999 -999 -999 -999 -999 -999 -999 -999 -999 -999 -999 -999 22 22 22 23 23 23 22 22 22 22 22 22 22 21 21 21 21 21 21 21 21 20 20 20 20 20 20 20 20 20 20 20 20 20 21 21 21 22 23 22 22 23 23 23 23 23 24 24 24 25 25 25 25 27 30 30 30 31 32 33 34 36 40 40 43 44 49 50 53 57 60 57 61 63 69 69 74 73 75
-999 -999 -999 -999 -999 -999 -999 -999 -999 -999 -999 -999 -999 -999 -999 -999 21 21 22 22 22 22 22 23 22 22 22 22 22 21 21 21 21 21 21 21 21 21 20 21 20 20 21 20 20 20 21 21 21 21 21 21 22 22 22 23 22 23 23 23 23 23 23 24 24 24 24 25 26 26 27 28 29 30 31 31 33 34 36 39 40 41 43 48 49 47 53 57 58 61 58 63 70 68 70 77
-999 -999 -999 -999 -999 -999 -999 -999 -999 -999 -999 -999 -999 -999 -999 21 21 21 21 22 23 23 23 23 23 23 22 22 22 21 21 21 22 21 21 21 21 21 21 20 20 21 22 21 21 21 21 21 21 21 22 22 22 22 22 22 23 23 24 24 24 24 23 24 24 24 24 24 25 25 27 27 28 31 31 31 32 33 35 38 40 41 44 44 50 47 50 56 58 58 61 65 70 70 74 73
-999 -999 -999 -999 -999 -999 -999 -999 -999 -999 -999 -999 -999 21 21 21 21 21 21 21 22 23 23 23 23 22 23 21 21 22 22 22 21 21 22 22 22 21 20 21 21 21 21 21 21 21 21 21 21 22 22 22 22 23 22 22 23 24 24 24 24 24 23 24 24 24 24 24 24 24 26 28 29 30 31 31 31 32 34 38 39 40 43 47 50 52 54 57 60 58 60 65 65 68 72 69
-999 -999 -999 -999 -999 -999 -999 -999 -999 -999 -999 -999 -999 21 21 21 21 21 21 21 22 23 23 23 23 23 22 22 22 21 21 21 21 21 21 22 22 21 21 21 22 22 21 21 21 21 21 21 22 22 22 22 22 22 22 23 24 24 24 24 24 24 24 24 24 24 23 24 23 24 26 28 29 29 31 31 31 32 34 36 36 39 42 44 48 49 58 63 65 62 60 64 65 66 67 68
-999 -999 -999 -999 -999 -999 -999 -999 -999 -999 -999 21 21 21 21 21 21 21 21 21 22 23 23 23 22 23 22 22 22 21 21 21 21 21 21 21 22 22 21 22 22 22 22 22 21 21 22 22 22 21 21 22 22 22 22 23 24 24 24 24 23 23 24 24 24 24 24 24 24 24 26 28 28 29 30 31 31 32 34 37 38 41 43 46 49 51 56 61 61 63 62 64 65 64 62 66
-999 -999 -999 -999 -999 -999 -999 -999 -999 21 21 21 22 21 21 21 21 21 21 21 21 22 23 22 23 23 23 22 22 21 21 21 21 21 21 21 22 22 22 22 22 23 22 22 22 22 22 22 22 21 21 22 22 22 23 23 23 24 24 24 23 24 24 24 24 24 24 24 25 25 26 27 28 28 30 30 31 32 35 35 36 39 42 44 47 49 54 57 57 60 61 61 60 65 65 66
-999 -999 -999 23 -999 -999 -999 -999 -999 22 21 22 22 22 22 22 22 22 21 21 21 22 22 23 24 23 22 22 22 22 21 21 21 21 22 22 22 22 22 22 22 22 22 22 22 22 21 22 21 21 21 22 22 22 22 23 23 23 24 24 23 24 24 24 24 24 24 25 25 25 26 27 27 28 29 29 31 32 33 36 35 39 41 43 44 46 52 54 55 57 60 58 60 64 65 65
-999 -999 23 24 -999 -999 -999 -999 23 23 23 22 22 22 22 22 22 22 22 21 21 21 22 23 23 22 23 22 22 22 22 21 21 21 21 21 22 21 22 22 22 22 21 22 22 22 22 21 21 21 21 22 22 22 23 23 23 23 24 24 24 23 24 24 24 24 24 25 25 25 26 27 27 27 28 30 31 32 34 35 36 36 39 42 44 46 50 53 54 56 58 60 61 61 65 63
23 23 24 24 -999 -999 -999 23 23 23 23 23 22 22 22 22 22 22 22 22 21 21 21 21 22 22 23 23 22 22 22 22 21 21 21 22 22 22 22 22 22 22 22 22 22 22 23 20 21 22 21 26 25 22 22 23 23 23 24 24 24 23 24 24 24 24 24 25 25 25 26 26 27 28 28 29 31 32 33 35 36 37 39 42 44 44 48 51 55 53 55 59 55 61 60 59
-999 24 24 24 -999 -999 -999 23 23 23 23 23 23 23 23 23 22 23 22 22 22 22 22 22 21 21 21 23 23 23 23 22 22 22 22 22 22 22 22 22 23 22 22 22 22 23 22 22 22 21 22 26 22 21 22 23 23 24 24 24 25 23 24 24 24 24 25 25 25 26 26 26 26 27 28 29 29 31 32 32 35 36 39 40 42 44 48 48 51 47 48 53 53 57 60 56
-999 24 24 24 25 -999 -999 24 25 25 24 25 25 24 23 24 23 23 23 24 24 23 22 22 22 22 22 22 22 23 23 23 23 22 22 22 22 23 22 22 22 23 23 23 23 23 22 23 23 21 21 26 23 22 23 23 23 23 24 24 24 23 23 24 24 24 24 25 25 25 26 26 27 27 28 29 29 29 32 33 34 35 37 39 41 43 46 48 48 44 53 55 56 57 58 59
25 25 25 24 24 25 24 24 24 25 25 25 25 25 24 24 23 24 24 24 24 24 22 22 22 22 22 22 22 23 22 23 23 23 23 22 22 22 23 22 23 23 23 23 22 22 21 21 21 21 23 23 23 23 23 24 24 23 24 24 24 23 23 24 24 24 24 25 25 25 26 27 27 27 28 29 29 29 31 32 33 33 36 39 41 42 45 47 41 45 49 54 56 55 57 60
-999 24 25 25 25 25 25 24 24 24 24 25 25 25 25 24 24 24 24 24 24 23 24 22 22 22 22 22 22 22 24 24 23 22 23 22 23 23 23 23 23 23 24 23 23 22 21 21 21 20 21 23 23 23 23 24 23 23 24 25 25 24 24 24 24 24 25 25 25 25 26 26 27 27 28 28 29 29 29 31 32 33 35 37 41 42 42 44 42 45 49 52 51 55 58 60
-999 -999 25 26 25 25 25 25 25 25 25 25 25 26 26 25 25 25 25 25 24 23 24 24 23 23 23 23 23 24 24 24 24 24 23 23 23 23 23 23 23 23 23 23 23 21 21 21 21 21 22 24 23 24 24 23 24 24 24 25 25 25 25 24 24 24 25 25 25 25 26 26 27 27 27 28 28 28 29 29 31 32 34 36 38 41 43 42 43 47 48 46 50 51 57 59
-999 -999 26 25 25 25 25 25 26 26 26 26 26 26 27 27 26 26 26 25 24 24 25 24 24 23 23 23 24 24 25 25 25 24 24 23 23 23 23 23 23 23 23 23 23 23 22 22 22 22 23 23 23 22 23 23 24 25 25 25 25 25 24 24 24 24 25 25 25 25 26 27 27 27 27 27 27 27 27 28 29 31 33 36 37 38 38 38 39 42 46 49 50 52 55 58
-999 -999 25 25 25 25 26 26 26 25 26 27 26 26 27 27 27 27 26 25 25 25 25 24 25 24 23 23 24 25 24 24 25 24 23 23 23 23 23 23 23 23 23 23 23 23 23 22 22 23 23 23 23 22 23 23 24 24 25 25 24 25 24 24 23 23 24 25 25 25 26 27 27 27 27 27 27 26 26 28 29 30 33 36 44 39 39 42 44 43 47 47 46 48 49 53
-999 -999 -999 25 25 25 25 25 24 25 25 25 26 26 27 27 27 27 27 25 26 25 26 25 25 24 24 23 23 23 25 25 24 24 23 23 22 22 23 23 23 23 23 23 23 23 23 22 22 22 23 23 23 23 23 23 24 24 25 25 25 25 24 24 24 23 24 25 25 25 25 26 27 27 27 27 27 26 27 28 29 29 32 35 37 39 39 40 41 43 44 41 47 47 49 52
-999 -999 -999 -999 -999 -999 -999 -999 -999 25 26 26 26 26 27 27 27 27 26 26 26 26 25 25 26 24 23 23 23 23 25 25 24 24 23 22 22 23 23 23 23 23 23 23 23 23 22 23 22 21 22 23 23 23 23 23 24 25 25 26 26 26 24 24 24 23 24 24 24 25 26 26 26 27 27 27 27 27 28 28 29 30 31 33 34 35 37 37 40 42 40 42 45 47 46 49
-999 -999 -999 -999 -999 -999 -999 -999 -999 26 26 26 27 27 27 27 27 27 28 28 28 27 26 25 25 25 23 24 22 22 24 24 23 23 23 23 23 22 22 22 23 23 23 22 23 23 23 22 22 21 21 22 24 24 24 24 24 25 26 26 26 25 25 23 23 23 24 25 24 25 25 26 26 27 27 27 27 27 28 28 29 29 31 32 32 35 35 36 40 41 43 44 48 47 48 48
-999 -999 -999 -999 -999 -999 -999 -999 27 27 26 26 27 27 27 28 27 28 28 28 28 27 26 25 25 25 24 23 22 22 23 23 24 23 23 23 23 23 22 22 22 22 23 23 22 22 22 21 21 21 21 22 23 24 24 24 24 25 26 27 27 25 24 23 23 23 23 24 25 25 25 26 27 27 26 27 27 27 27 28 29 29 31 32 32 33 34 36 37 39 42 45 46 48 46 49
-999 -999 -999 -999 -999 -999 -999 -999 -999 27 27 27 27 27 28 28 27 28 28 28 28 27 27 25 25 25 24 24 23 23 22 23 24 23 23 23 23 23 23 22 22 22 22 22 22 22 22 21 21 21 22 22 22 23 24 25 26 26 26 26 26 25 24 23 23 22 23 24 25 25 25 26 26 26 26 26 27 27 27 28 29 29 30 32 32 33 34 35 37 38 40 45 45 43 42 47
-999 -999 -999 -999 -999 -999 -999 -999 -999 27 27 28 28 27 28 26 28 28 28 28 27 27 27 26 25 24 24 24 24 23 23 22 23 23 23 22 22 22 22 22 21 22 22 22 22 21 21 21 22 22 22 22 22 22 23 24 24 26 29 26 28 25 24 24 23 23 23 23 24 25 24 25 26 26 26 27 26 27 27 27 29 29 30 31 32 33 33 34 35 37 39 43 44 44 45 43
-999 -999 -999 -999 -999 -999 -999 -999 -999 -999 -999 28 28 28 28 26 28 29 29 28 27 27 27 26 25 25 25 25 24 24 22 22 22 23 23 23 22 22 22 22 22 22 22 22 22 22 22 22 22 22 22 22 22 21 22 22 23 25 26 28 26 24 24 24 23 23 23 23 24 24 24 25 25 25 26 26 26 26 27 27 28 29 30 31 31 31 33 33 33 35 37 38 39 40 39 45
-999 -999 -999 -999 -999 -999 -999 -999 -999 -999 -999 -999 29 28 28 28 28 28 28 28 28 28 27 26 25 25 25 24 24 24 23 22 22 22 24 23 22 22 22 22 22 22 22 22 22 22 22 22 22 22 21 21 21 21 21 22 22 23 26 26 25 25 24 24 23 23 23 23 23 24 24 24 25 25 25 26 26 26 27 28 28 28 30 30 31 31 31 32 33 34 35 40 40 36 39 43
-999 -999 -999 -999 -999 -999 -999 -999 -999 -999 -999 -999 -999 -999 28 28 28 28 28 28 28 28 27 26 26 25 25 25 24 24 24 22 22 22 22 21 21 21 21 22 22 22 22 22 22 22 22 22 22 22 21 21 21 21 21 21 22 22 26 26 25 25 25 25 24 23 23 23 23 23 24 24 24 25 25 26 26 26 26 27 28 28 29 30 30 31 31 32 34 35 34 37 35 43 41 40
-999 -999 -999 -999 -999 -999 -999 -999 -999 -999 -999 -999 -999 -999 27 28 27 29 29 28 28 27 27 27 26 26 26 25 24 24 24 24 22 22 21 21 21 20 21 21 22 22 22 22 22 22 22 22 22 21 21 21 21 21 21 21 21 22 24 24 24 25 26 25 25 23 23 23 23 23 23 23 24 24 25 25 26 26 26 26 27 28 28 29 29 30 30 31 33 33 35 37 33 37 40 43
-999 -999 -999 -999 -999 -999 -999 -999 -999 -999 -999 -999 -999 -999 28 29 29 28 28 28 28 28 27 26 26 26 26 26 25 25 24 23 23 22 21 21 21 21 21 21 22 22 22 22 22 22 22 22 22 21 22 21 21 21 21 21 21 21 22 23 24 25 25 25 25 23 23 23 23 22 23 23 23 24 24 24 24 25 26 26 27 27 28 28 28 28 29 29 31 32 34 34 33 36 37 42
-999 -999 -999 -999 -999 -999 -999 -999 -999 -999 -999 -999 -999 -999 28 28 29 29 28 28 28 28 27 26 26 26 26 25 25 25 25 24 23 23 22 21 21 21 21 21 21 22 22 22 22 22 22 22 22 22 21 21 21 21 20 21 21 21 21 22 24 24 24 25 25 24 23 22 22 23 23 23 23 23 24 24 25 25 25 26 27 27 27 27 27 27 28 29 30 31 32 32 32 36 39 41
-999 -999 -999 -999 -999 -999 -999 -999 -999 -999 -999 -999 -999 -999 -999 28 29 29 29 29 28 28 28 27 26 26 26 26 25 25 25 24 23 23 22 21 21 21 21 21 21 22 22 23 23 22 22 22 22 21 21 21 21 21 21 21 21 21 21 22 23 23 24 24 25 23 23 23 22 22 22 23 23 23 23 24 24 25 25 26 26 27 27 27 27 27 28 29 29 29 30 31 31 35 36 39
-999 -999 -999 -999 -999 -999 -999 -999 -999 -999 -999 -999 -999 -999 -999 28 27 28 28 29 28 29 28 27 27 26 26 26 26 26 25 25 24 24 22 22 21 21 21 21 21 21 22 22 23 23 22 22 22 22 21 21 21 21 21 20 21 21 20 21 22 23 24 24 24 23 23 23 22 22 23 23 23 23 23 23 24 24 24 25 26 26 27 27 26 27 27 27 28 27 29 28 31 34 33 37
-999 -999 -999 -999 -999 -999 -999 -999 -999 -999 -999 -999 -999 -999 27 28 28 28 29 28 29 29 28 28 27 27 26 26 26 26 26 25 25 24 22 22 22 22 21 21 21 22 22 23 22 22 22 22 21 21 21 21 21 21 21 20 20 20 21 21 21 22 22 23 23 22 24 23 23 23 23 23 22 23 23 23 23 23 24 25 25 25 26 26 27 26 26 26 26 27 27 28 27 30 34 33
-999 -999 -999 -999 -999 -999 -999 -999 -999 -999 -999 29 28 29 28 29 29 29 29 29 29 29 29 28 27 27 26 26 26 26 26 25 25 24 22 23 23 22 21 21 21 21 21 22 23 22 23 22 22 21 21 21 21 21 20 20 19 20 20 20 21 21 21 22 23 23 23 24 23 23 25 23 23 23 23 23 23 23 24 25 25 25 25 26 26 26 26 25 25 26 26 27 27 27 31 35
-999 -999 -999 -999 -999 -999 -999 -999 -999 -999 30 29 29 29 30 27 30 30 30 29 29 29 29 29 28 28 27 27 26 26 26 25 24 23 24 23 23 22 21 21 21 21 21 21 22 23 23 22 21 21 21 21 21 21 19 19 19 19 19 20 21 20 21 22 22 22 22 23 23 24 24 23 23 23 23 23 23 23 24 24 25 25 25 26 26 26 25 25 25 25 25 27 27 27 30 29
-999 -999 -999 -999 -999 -999 -999 -999 -999 -999 30 31 29 29 30 28 30 30 30 30 29 29 30 29 29 28 28 27 26 26 26 25 24 23 23 23 23 22 21 21 21 21 21 21 21 22 22 22 21 21 21 20 20 20 19 18 18 18 18 19 20 20 20 21 21 21 22 22 22 23 23 23 22 23 23 23 23 23 23 23 24 25 25 25 25 25 25 25 25 25 26 27 27 29 27 31
-999 -999 -999 -999 -999 -999 -999 -999 -999 -999 30 30 30 30 30 29 28 31 31 30 31 31 30 30 29 28 27 26 26 26 24 24 23 23 23 23 23 22 21 20 20 20 20 20 20 21 21 22 21 21 21 20 20 19 18 18 17 18 17 17 18 18 19 20 21 21 21 21 22 22 23 21 21 22 23 23 23 23 23 23 23 24 24 24 24 24 24 25 25 25 26 27 27 25 27 29
-999 -999 -999 -999 -999 -999 -999 -999 -999 -999 31 30 30 30 31 31 31 31 31 31 31 31 31 30 30 29 27 26 25 25 24 24 24 24 24 24 23 23 21 20 19 19 19 20 20 20 21 21 21 21 21 20 20 20 18 18 17 16 16 17 18 18 19 20 20 20 21 21 22 21 22 21 21 21 22 23 22 22 22 23 23 23 23 24 24 24 24 25 25 26 27 27 27 25 29 28
-999 -999 -999 -999 -999 -999 -999 31 31 31 32 31 31 30 31 29 30 31 31 31 30 30 31 30 29 28 29 27 25 25 25 25 26 25 24 24 23 23 21 20 19 18 18 19 20 20 21 21 21 21 20 20 20 19 18 18 17 17 17 17 18 18 18 18 19 19 21 21 21 22 22 21 21 21 21 22 22 22 22 23 23 23 23 23 23 23 23 23 25 25 26 25 25 25 26 28
-999 -999 -999 -999 -999 -999 30 32 31 32 32 31 29 29 29 30 30 31 31 31 30 30 31 28 29 31 28 27 27 27 27 26 28 27 27 24 24 22 21 21 20 19 19 20 20 20 20 21 21 21 21 20 20 18 19 18 18 17 17 18 18 18 18 18 18 19 20 20 21 21 22 21 20 21 21 21 22 21 21 22 22 22 22 22 22 23 23 22 23 24 24 24 24 25 26 27
-999 -999 -999 -999 -999 -999 -999 30 33 33 31 32 31 32 29 29 29 30 30 31 30 30 29 30 32 32 32 28 29 30 29 28 27 30 26 24 24 23 21 21 21 20 20 20 20 20 20 21 20 20 20 20 19 19 19 18 18 18 18 18 18 18 18 18 18 19 20 20 21 21 21 20 20 20 21 21 21 21 21 21 21 21 21 21 21 22 22 22 22 22 23 24 25 25 26 27
-999 -999 -999 -999 -999 -999 -999 -999 -999 32 31 33 32 31 29 28 29 30 30 31 32 30 30 30 35 33 32 30 30 30 30 29 28 30 27 25 24 23 22 21 21 21 20 21 21 20 20 20 20 20 20 20 19 19 19 18 18 18 18 18 18 18 18 18 18 18 19 21 21 22 22 22 20 20 21 21 21 21 20 20 20 20 21 21 21 21 21 21 22 22 22 23 24 24 24 25
-999 -999 -999 -999 -999 -999 -999 -999 -999 31 32 32 31 31 30 30 30 31 31 31 32 30 31 32 32 34 35 32 31 30 29 31 30 31 28 26 24 24 23 22 21 21 21 21 21 21 21 21 20 20 20 20 19 19 19 18 18 18 18 19 18 18 18 18 18 18 19 20 21 22 22 22 21 20 21 21 20 21 20 20 20 20 20 20 21 20 20 21 21 21 21 23 23 24 24 24
-999 -999 -999 -999 -999 -999 -999 -999 -999 33 34 32 31 30 31 31 31 31 31 32 33 32 32 32 32 34 33 33 31 31 29 31 32 32 28 27 25 24 24 23 22 22 21 22 21 21 21 20 20 20 20 18 18 19 19 18 18 19 18 18 18 18 18 18 18 18 18 20 20 21 23 22 20 20 20 20 20 20 20 20 20 20 20 20 20 20 20 20 20 20 20 21 22 23 23 24
-999 -999 -999 -999 -999 -999 -999 -999 -999 36 35 32 31 31 31 31 31 32 32 33 32 31 32 33 31 31 33 32 33 33 30 31 32 34 34 30 27 26 25 24 23 22 21 22 22 21 21 20 20 20 19 19 18 18 18 18 18 18 18 18 18 18 18 18 18 18 18 18 20 21 21 22 21 20 20 20 19 19 19 19 19 19 19 19 19 19 20 20 20 20 20 21 22 22 23 25
-999 -999 -999 -999 -999 -999 -999 -999 -999 -999 36 36 35 32 35 32 33 33 33 33 32 32 33 33 33 34 33 33 34 33 32 31 31 32 35 34 30 28 26 24 23 23 22 22 22 22 21 21 20 20 19 18 18 18 18 18 18 18 19 19 19 18 18 18 18 18 18 19 20 21 21 22 22 22 22 22 20 19 19 19 19 19 19 19 19 19 19 20 20 20 19 20 22 22 25 28
