analysis/data/raw_data/dwd_gridded/monthly_precipitation_01_Jan_grids_germany_monthly_precipitation_188301.asc
NCOLS 654
NROWS 866
XLLCORNER 3280414.711633467
YLLCORNER 5237500.62890625
CELLSIZE 1000
NODATA_VALUE -999
[rows 676 to 727 of 866, columns 480 to 575 of 654]
46 46 46 46 46 45 45 45 44 44 45 44 42 42 42 41 44 44 43 44 45 44 49 49 49 56 54 57 60 60 58 61 73 79 80 84 75 73 75 77 76 74 75 77 78 74 76 73 72 73 74 73 69 71 74 78 81 80 79 77 78 82 82 81 80 81 78 81 84 80 81 84 88 84 80 79 82 80 87 90 87 82 -999 -999 -999 -999 78 -999 -999 -999 -999 -999 -999 -999 -999 -999
45 45 45 45 45 45 44 44 43 46 44 42 41 42 42 42 42 41 41 44 43 44 45 47 48 49 50 52 59 62 57 64 70 82 83 86 82 75 76 76 78 78 79 78 77 74 74 74 73 73 71 70 71 69 72 75 77 80 79 73 76 80 81 81 82 79 76 81 83 79 78 81 79 81 87 86 80 80 80 83 87 90 86 85 85 79 78 -999 -999 -999 -999 -999 -999 -999 -999 -999
45 45 43 43 43 43 43 43 43 43 43 42 41 40 42 41 42 41 39 41 41 41 43 43 45 47 48 49 54 56 54 60 68 72 80 85 87 83 79 79 81 80 79 78 77 77 75 74 74 73 70 69 69 69 70 73 73 76 76 71 76 74 78 78 78 74 75 76 79 77 77 76 73 74 78 81 79 77 78 80 81 91 87 84 87 80 80 80 -999 -999 -999 -999 -999 -999 -999 -999
43 43 43 42 42 42 42 43 43 42 42 41 41 41 40 39 39 38 38 39 39 39 40 39 39 41 43 44 48 51 49 56 66 67 74 81 91 85 80 80 81 82 75 79 79 78 77 76 77 75 69 67 66 67 70 75 78 78 74 72 77 75 73 74 75 74 74 74 74 76 74 73 72 71 75 78 76 75 78 80 84 89 86 85 87 81 83 78 -999 -999 -999 -999 -999 -999 -999 -999
43 43 43 41 41 42 43 42 43 43 41 40 40 40 37 38 38 38 37 37 37 38 38 37 38 40 40 43 45 44 47 56 66 66 73 76 80 81 81 71 78 76 71 77 80 80 79 77 78 74 71 68 70 67 68 74 72 72 71 72 76 72 76 72 74 77 80 77 77 75 72 71 68 70 71 73 72 72 81 82 80 83 82 87 91 89 84 80 -999 -999 -999 -999 -999 -999 -999 -999
45 43 42 41 41 42 42 43 43 42 42 40 40 39 38 37 37 36 36 36 37 35 36 37 37 36 37 39 42 42 43 53 58 59 68 73 75 75 76 66 74 69 68 71 77 77 71 77 76 72 68 69 68 68 71 67 73 78 67 74 70 72 71 76 77 77 79 81 77 77 70 68 66 66 66 71 72 73 75 78 78 81 88 92 88 87 82 83 78 -999 -999 -999 -999 -999 -999 -999
46 46 45 44 44 43 44 43 43 43 43 41 40 39 38 36 37 37 35 35 34 34 34 34 34 33 33 34 39 38 40 48 51 53 61 68 66 67 65 67 69 71 67 68 68 70 67 67 73 71 66 68 68 71 69 68 75 76 73 70 67 75 71 76 76 80 70 72 75 73 71 64 65 65 66 67 69 71 74 78 80 81 84 93 88 84 84 81 84 79 78 79 -999 -999 -999 -999
48 47 47 45 46 45 44 44 44 43 42 40 40 39 38 38 37 36 35 34 33 32 33 33 32 32 31 34 36 35 38 42 46 50 61 61 62 62 64 67 70 70 68 66 67 66 66 67 73 72 72 71 73 75 73 70 71 70 70 68 65 74 73 75 78 74 73 63 68 68 67 67 64 65 65 65 69 70 72 78 83 81 84 96 92 87 83 81 81 80 79 83 -999 -999 -999 -999
49 49 48 47 46 46 44 44 44 43 42 40 39 39 38 37 37 37 35 32 32 33 33 33 33 33 33 34 34 33 37 44 49 52 58 58 60 59 62 66 71 68 66 66 69 70 75 71 80 77 74 77 73 75 70 70 69 67 69 66 65 73 71 74 75 69 68 60 68 68 63 63 63 64 64 67 68 68 71 76 81 73 81 91 88 85 83 83 82 80 80 83 -999 -999 -999 -999
49 51 49 48 47 46 45 45 44 43 42 39 39 38 38 37 37 36 35 32 32 32 33 33 33 32 32 32 33 32 35 40 46 49 55 55 57 59 60 63 68 68 66 66 71 77 79 79 85 82 76 81 78 78 80 77 70 69 65 67 64 69 75 70 73 68 66 60 61 67 62 68 66 62 68 71 68 68 71 74 76 73 73 87 90 90 86 84 82 81 84 88 88 89 -999 -999
50 52 51 49 47 47 46 45 44 43 41 39 38 38 38 38 37 37 35 34 33 32 33 34 34 34 34 33 34 34 35 42 47 47 51 52 54 59 59 60 61 66 65 64 67 78 77 73 75 80 71 73 80 71 73 75 71 69 66 69 64 67 68 72 70 71 67 61 67 70 65 66 72 68 65 73 73 69 68 67 68 68 74 82 81 84 86 89 89 83 86 93 93 -999 -999 -999
49 51 50 48 48 47 46 45 43 43 41 39 39 38 37 37 37 37 36 34 34 33 34 34 34 34 35 35 36 36 36 39 44 44 50 50 51 55 55 57 59 64 63 64 65 67 68 72 70 74 68 67 70 66 70 73 68 68 71 70 67 67 68 70 64 69 68 62 71 66 64 66 69 71 67 68 73 74 77 67 65 67 72 74 77 77 80 83 84 83 90 100 104 -999 -999 -999
48 47 47 47 47 46 45 44 43 42 40 39 39 38 38 38 38 38 36 35 34 34 34 35 35 35 36 37 37 37 37 39 43 43 49 50 49 54 56 56 60 56 60 62 63 59 60 66 64 71 70 64 64 64 62 68 66 66 68 66 66 65 64 67 68 68 61 62 67 68 62 65 62 65 69 62 68 71 71 62 66 71 74 77 76 77 78 81 78 78 86 89 97 96 100 -999
47 48 49 49 48 47 46 44 43 41 40 38 38 38 38 38 38 37 37 35 35 34 35 35 35 36 36 37 37 37 37 38 40 41 44 49 49 52 53 54 56 56 56 56 59 57 58 60 62 68 75 66 67 62 63 62 64 66 67 67 71 66 64 68 67 66 65 60 65 62 64 66 63 63 68 62 70 69 65 62 61 67 70 73 78 80 80 80 78 78 80 84 92 87 -999 -999
47 48 48 48 48 46 44 44 42 41 39 37 37 37 38 38 38 36 36 35 34 34 34 35 36 35 36 36 37 36 36 37 39 40 43 46 48 51 52 53 55 54 55 56 56 55 57 61 62 65 70 63 63 62 62 62 67 66 69 69 72 69 66 70 70 67 65 64 59 61 64 67 62 65 62 65 64 64 64 62 62 66 70 71 74 78 78 77 74 76 75 81 84 79 -999 -999
45 48 49 47 46 45 44 44 42 40 39 36 36 37 37 38 37 36 35 35 34 34 34 35 36 36 36 36 37 37 37 37 38 40 43 46 47 49 50 52 53 54 54 57 57 56 57 60 62 63 63 63 63 62 62 63 65 67 71 70 68 75 69 66 68 69 65 62 59 60 62 62 64 59 67 63 65 65 65 64 67 71 66 70 71 73 72 74 72 74 74 75 75 74 -999 -999
46 48 46 48 48 46 44 43 41 42 39 36 36 36 37 37 37 36 35 34 34 34 34 35 35 36 36 37 37 37 37 38 38 40 43 46 47 48 50 52 53 55 54 55 55 57 59 60 60 62 61 62 62 61 61 66 69 69 66 66 68 68 69 64 63 63 64 63 61 59 61 59 60 61 63 62 62 61 63 62 65 68 68 68 68 70 71 71 69 71 70 71 74 71 -999 -999
45 47 46 44 45 46 44 43 44 43 40 37 36 36 37 37 36 35 34 34 34 34 34 35 35 35 36 37 37 37 37 38 38 40 43 45 47 48 49 51 52 53 54 54 57 55 59 60 60 61 61 61 61 60 61 63 67 67 66 66 72 69 69 67 67 67 63 61 58 60 62 59 58 63 63 64 65 64 64 65 66 67 68 67 70 71 71 70 71 69 69 70 71 -999 -999 -999
44 45 46 45 43 44 44 43 41 41 40 38 37 36 37 37 36 35 34 33 34 34 34 35 35 36 36 36 37 37 38 38 39 40 41 43 45 47 48 50 51 53 51 55 57 58 58 61 59 60 61 62 58 60 60 60 65 65 66 66 65 68 68 67 66 62 60 60 59 59 58 59 59 62 60 63 64 66 67 64 66 68 69 68 71 73 70 68 68 69 68 69 68 -999 -999 -999
42 43 41 42 42 43 41 40 41 40 39 38 38 37 36 37 36 36 35 34 34 34 34 35 35 35 36 36 37 38 38 39 39 40 41 42 43 45 47 48 51 50 52 54 56 58 58 60 60 60 60 59 59 59 60 60 63 63 66 65 66 66 69 64 64 63 61 56 55 56 58 60 58 60 64 62 66 68 71 65 65 68 65 68 68 70 72 72 74 68 72 72 71 -999 -999 -999
41 41 43 44 43 41 42 43 41 39 39 38 38 37 37 37 36 36 35 34 34 35 35 35 35 35 35 38 37 38 39 39 39 40 41 41 41 43 45 47 50 53 55 58 58 56 59 58 59 58 59 59 58 58 59 61 60 64 69 66 63 64 66 65 63 61 63 55 62 59 60 62 61 59 59 63 65 68 71 65 61 71 66 68 68 72 73 73 73 71 73 73 73 72 70 69
41 41 43 43 41 43 42 42 42 39 38 38 38 38 37 36 37 36 36 34 34 34 35 34 35 35 35 36 37 38 39 40 40 39 39 39 40 42 44 45 51 49 53 56 58 56 56 61 60 58 60 58 58 59 59 59 67 67 66 64 61 64 64 67 64 61 57 56 61 60 59 61 62 59 63 65 65 68 73 71 67 75 71 67 71 71 74 76 74 74 78 74 73 72 71 -999
42 41 42 43 41 42 40 40 38 39 37 37 37 38 38 37 37 36 37 35 36 36 35 35 35 35 36 37 38 38 40 40 41 40 40 38 40 42 44 45 47 48 49 53 56 56 57 58 60 58 59 58 58 59 57 58 62 61 63 62 61 63 66 65 64 60 59 53 56 58 60 59 59 59 64 62 65 68 68 71 68 65 74 71 71 74 76 76 73 77 76 74 72 75 72 -999
42 41 40 39 42 42 40 37 37 37 37 37 37 36 38 38 37 37 37 37 36 35 36 36 36 34 36 37 38 38 40 42 42 42 40 40 41 42 43 45 46 46 48 49 53 50 55 58 60 58 57 57 59 59 58 58 60 59 61 64 62 63 64 65 66 63 58 54 56 56 59 59 60 58 62 61 65 74 70 68 61 54 64 73 72 74 74 78 78 79 79 80 75 74 75 -999
41 40 40 38 40 38 37 37 38 38 37 37 37 37 37 37 38 37 37 38 38 38 37 36 36 35 36 37 38 39 40 42 43 42 42 42 42 42 44 44 46 46 46 50 52 50 55 58 60 60 59 59 58 58 57 56 59 59 58 62 61 59 64 62 62 63 56 57 58 59 58 61 59 58 60 62 67 74 67 68 59 52 57 64 65 68 73 79 75 80 82 81 78 74 77 -999
41 41 42 39 37 37 37 37 37 36 36 36 37 36 37 38 38 38 40 40 39 39 38 37 37 37 37 38 39 39 41 42 43 43 43 42 42 42 43 45 46 46 46 48 50 53 53 56 58 58 58 59 58 58 57 58 56 55 58 60 59 59 65 63 62 62 56 59 60 58 58 59 60 58 56 59 65 63 62 65 55 54 59 59 68 68 72 75 78 80 82 79 81 81 79 -999
41 41 38 37 37 36 37 37 36 36 36 36 35 36 37 40 41 41 40 41 41 40 40 39 39 39 39 39 40 41 42 42 42 42 42 43 42 43 43 44 44 45 46 45 48 50 51 53 54 54 55 59 57 60 58 56 56 56 57 56 60 58 64 63 63 62 56 60 58 58 59 59 60 59 59 56 61 61 63 64 59 59 66 62 71 74 73 75 79 83 81 79 79 84 76 -999
39 39 38 38 37 37 37 36 36 36 35 35 35 36 39 43 43 43 43 41 41 42 40 40 40 40 42 41 42 42 43 43 42 42 43 43 43 43 43 43 45 45 45 45 45 45 50 53 52 52 50 54 56 58 60 59 57 57 58 56 59 59 60 66 66 65 57 60 59 58 57 59 59 59 60 57 59 60 59 58 60 61 60 62 71 74 75 73 79 79 79 79 81 79 79 -999
39 39 39 37 37 37 36 36 36 36 35 36 38 39 40 42 42 44 42 42 41 41 40 40 39 40 42 44 45 44 44 43 43 43 43 43 43 43 44 44 44 45 45 47 48 45 45 51 52 51 50 53 55 54 58 63 61 60 58 58 57 57 58 62 66 64 59 59 58 59 57 59 59 58 60 59 62 59 59 59 59 61 61 62 63 70 75 73 78 80 79 77 79 79 82 -999
40 39 39 38 37 36 36 35 37 37 39 39 40 39 42 43 42 42 41 41 42 41 41 39 40 40 42 44 45 44 44 43 43 43 44 43 43 43 45 45 45 45 47 47 50 50 49 44 50 47 50 53 55 56 56 61 64 59 58 57 55 59 60 60 64 65 60 60 60 58 56 57 57 60 59 59 56 59 56 59 60 61 61 64 66 78 81 73 77 77 78 79 76 79 79 -999
39 39 39 37 36 36 38 38 38 39 36 40 41 41 43 42 43 41 42 42 40 40 40 39 39 38 40 40 43 43 44 45 44 44 45 45 45 44 45 45 45 45 47 48 50 50 48 45 45 48 48 52 55 55 56 57 58 60 59 58 57 55 56 58 58 59 55 57 59 59 59 56 58 59 59 59 55 58 59 61 64 60 63 66 68 77 73 72 75 78 73 79 78 77 -999 -999
39 39 38 36 37 38 37 38 39 38 39 41 42 41 41 42 42 41 40 40 40 41 40 39 39 40 40 41 41 42 42 42 44 45 46 46 48 47 44 45 46 47 47 48 47 47 47 44 46 48 46 50 54 54 53 56 59 57 57 59 58 58 53 54 57 57 55 55 56 58 56 59 56 59 58 59 59 55 60 61 61 61 63 63 66 71 70 77 80 71 71 79 76 75 -999 -999
40 41 42 41 39 39 36 36 39 39 40 40 42 43 43 40 39 39 40 40 41 42 43 44 42 41 41 42 41 41 42 43 43 43 44 46 47 47 47 45 46 46 46 44 46 46 44 48 46 48 49 49 51 51 52 53 56 53 54 53 55 56 52 56 56 55 57 52 52 56 55 56 55 52 59 57 57 58 59 59 59 62 63 63 63 65 74 67 74 72 74 69 77 77 -999 -999
44 43 43 40 41 38 34 35 38 41 39 41 41 41 42 40 40 41 42 43 42 45 44 43 41 41 43 45 45 42 42 42 42 44 43 45 44 45 44 45 45 43 43 44 45 47 47 47 48 50 51 49 49 49 51 53 53 52 51 51 50 53 54 55 55 55 55 52 54 56 54 55 55 55 55 61 59 55 60 61 61 62 63 63 65 65 69 69 72 71 69 71 75 79 75 -999
44 45 42 39 39 39 36 35 37 39 41 41 41 40 40 41 41 42 44 44 45 45 44 43 42 42 43 45 45 46 42 42 43 44 44 44 44 44 44 44 43 43 44 44 46 47 47 47 48 49 52 52 53 53 51 52 52 55 55 55 52 50 49 50 53 54 55 55 53 55 54 -999 -999 -999 52 60 62 59 62 62 64 65 61 64 65 65 67 67 66 66 66 67 69 74 -999 -999
46 44 43 40 42 39 39 38 39 41 39 39 40 41 41 43 43 44 43 44 44 44 45 45 44 45 45 42 42 42 43 44 43 44 43 43 43 44 44 44 44 45 46 46 49 49 49 47 48 50 52 51 52 52 52 52 53 53 55 55 52 53 51 48 49 52 49 50 50 50 51 -999 -999 -999 -999 56 61 59 59 67 67 67 64 64 63 65 65 64 63 62 63 65 71 -999 -999 -999
46 46 45 43 45 44 43 40 44 39 40 41 41 42 44 45 44 45 45 44 43 43 45 44 44 44 43 43 45 46 48 46 46 47 46 46 45 45 45 46 44 47 48 46 49 49 51 49 48 46 49 50 53 54 49 52 53 53 53 55 54 53 52 48 48 49 53 50 52 55 55 -999 -999 -999 -999 -999 52 54 -999 -999 65 65 55 65 66 66 64 64 69 62 61 -999 -999 -999 -999 -999
46 48 44 45 44 44 43 42 40 42 43 43 45 45 46 45 45 44 46 45 44 43 45 44 42 42 43 46 48 48 47 48 48 47 47 46 45 46 48 46 47 46 47 47 48 51 51 51 49 47 49 51 53 51 51 51 55 53 54 56 52 51 51 49 50 50 49 -999 -999 -999 -999 -999 -999 -999 -999 -999 -999 -999 -999 -999 -999 57 59 59 63 62 61 64 69 62 60 -999 -999 -999 -999 -999
50 49 48 46 46 43 42 42 44 46 46 48 47 48 47 45 44 44 45 45 43 43 42 42 43 45 47 46 45 48 50 48 49 46 46 45 48 48 46 46 45 46 47 46 48 50 50 48 49 47 49 49 51 49 50 50 54 52 53 56 53 51 51 53 53 53 50 -999 -999 -999 -999 -999 -999 -999 -999 -999 -999 -999 -999 -999 -999 -999 -999 -999 59 60 61 63 68 66 -999 -999 -999 -999 -999 -999
48 49 48 45 45 44 44 44 45 47 49 48 47 49 47 46 47 47 46 47 42 42 43 44 44 46 46 48 50 50 50 49 49 48 45 47 48 47 48 45 46 47 48 48 50 49 49 50 48 46 44 48 49 49 52 51 51 54 56 55 57 51 51 54 56 53 53 55 51 -999 -999 -999 -999 -999 -999 -999 -999 -999 -999 -999 -999 -999 -999 -999 52 55 54 59 60 61 -999 -999 -999 -999 -999 -999
50 48 47 46 46 45 46 46 48 48 49 49 50 49 49 49 48 48 46 44 43 44 45 46 47 47 46 51 49 48 49 49 47 47 48 51 49 48 48 45 48 48 47 49 50 49 49 47 49 51 46 43 44 47 48 51 52 51 53 55 52 55 55 55 55 56 55 55 52 -999 -999 -999 -999 -999 -999 -999 -999 -999 -999 -999 -999 -999 -999 -999 -999 -999 45 51 61 -999 -999 -999 -999 -999 -999 -999
48 48 48 46 47 48 47 47 48 48 50 50 50 49 52 51 48 49 46 44 42 43 45 47 47 48 47 51 52 52 52 50 50 48 51 51 50 51 51 48 46 47 49 51 50 52 52 50 47 46 45 44 45 44 47 49 52 51 49 52 51 54 54 54 56 58 56 56 50 -999 -999 -999 -999 -999 -999 -999 -999 -999 -999 -999 -999 -999 -999 -999 -999 -999 -999 -999 43 -999 -999 -999 -999 -999 -999 -999
52 51 49 49 50 48 49 48 46 49 49 50 51 49 51 50 47 47 46 46 46 45 46 48 48 50 50 51 51 51 52 50 48 50 50 52 50 52 50 47 49 50 53 53 51 51 48 49 49 48 46 45 44 45 46 47 50 50 49 50 51 51 53 53 54 55 57 57 56 -999 -999 -999 -999 -999 -999 -999 -999 -999 -999 -999 -999 -999 -999 -999 -999 -999 -999 -999 -999 -999 -999 -999 -999 -999 -999 -999
52 52 51 49 51 50 49 49 49 48 48 50 50 52 52 50 49 48 48 49 50 47 49 49 51 51 52 52 53 53 50 49 52 54 52 52 50 51 50 48 48 49 52 51 51 51 51 51 52 51 48 49 49 46 49 49 46 47 49 49 48 50 51 50 51 54 56 55 55 -999 -999 -999 -999 -999 -999 -999 -999 -999 -999 -999 -999 -999 -999 -999 -999 -999 -999 -999 -999 -999 -999 -999 -999 -999 -999 -999
53 52 51 51 51 50 51 49 47 47 48 52 50 50 52 50 52 51 49 48 49 50 50 50 52 52 53 52 51 51 51 53 54 53 53 52 50 49 49 50 50 51 54 52 51 53 49 50 53 52 49 50 48 49 49 50 48 48 48 46 47 50 50 49 51 53 53 53 51 -999 -999 -999 -999 -999 -999 -999 -999 -999 -999 -999 -999 -999 -999 -999 -999 -999 -999 -999 -999 -999 -999 -999 -999 -999 -999 -999
51 51 51 51 52 52 49 48 50 47 47 50 48 48 49 53 53 51 48 49 51 51 50 52 52 52 53 52 52 50 50 53 55 53 53 50 50 52 49 53 50 50 54 53 51 50 50 50 53 55 57 52 49 49 50 49 49 46 46 46 49 48 50 49 48 50 50 51 -999 -999 -999 -999 -999 -999 -999 -999 -999 -999 -999 -999 -999 -999 -999 -999 -999 -999 -999 -999 -999 -999 -999 -999 -999 -999 -999 -999
52 50 51 52 52 50 49 49 47 47 49 48 49 49 50 49 51 49 50 51 52 52 52 51 51 51 51 52 53 52 52 54 54 56 52 53 51 53 50 50 52 51 53 55 50 50 49 50 53 55 55 50 48 49 49 49 48 46 47 48 46 48 49 50 50 47 48 49 -999 -999 -999 -999 -999 -999 -999 -999 -999 -999 -999 -999 -999 -999 -999 -999 -999 -999 -999 -999 -999 -999 -999 -999 -999 -999 -999 -999
50 49 51 50 51 50 50 50 49 48 49 50 50 51 50 46 50 48 49 52 52 52 52 52 51 53 53 55 54 54 53 54 53 54 56 52 51 52 51 50 52 52 52 54 50 50 50 48 49 51 54 51 48 47 46 48 47 46 48 49 49 46 47 48 47 47 47 -999 -999 -999 -999 -999 -999 -999 -999 -999 -999 -999 -999 -999 -999 -999 -999 -999 -999 -999 -999 -999 -999 -999 -999 -999 -999 -999 -999 -999
50 50 53 50 53 52 50 50 48 51 51 50 49 49 49 48 47 49 51 52 52 53 52 54 54 54 55 55 55 54 54 55 56 57 55 55 52 54 54 50 52 50 48 53 53 55 49 48 50 51 51 50 46 47 47 45 47 45 48 50 49 48 46 46 47 46 47 -999 -999 -999 -999 -999 -999 -999 -999 -999 -999 -999 -999 -999 -999 -999 -999 -999 -999 -999 -999 -999 -999 -999 -999 -999 -999 -999 -999 -999
50 51 53 52 53 51 50 49 49 52 51 51 50 50 50 47 49 51 52 52 53 54 56 55 54 55 55 56 55 56 56 55 55 57 56 53 52 53 53 51 51 50 48 49 51 50 48 48 49 47 52 49 48 47 45 46 49 46 46 48 48 48 46 46 45 45 44 -999 -999 -999 -999 -999 -999 -999 -999 -999 -999 -999 -999 -999 -999 -999 -999 -999 -999 -999 -999 -999 -999 -999 -999 -999 -999 -999 -999 -999
50 50 50 51 52 50 51 50 52 52 53 50 50 49 48 47 50 52 53 53 54 54 55 56 56 55 56 56 57 58 57 55 56 56 54 53 52 53 51 51 50 48 45 47 51 46 46 46 48 45 48 49 46 45 45 45 46 47 46 47 48 46 45 43 44 44 44 44 -999 -999 -999 -999 -999 -999 -999 -999 -999 -999 -999 -999 -999 -999 -999 -999 -999 -999 -999 -999 -999 -999 -999 -999 -999 -999 -999 -999
49 50 51 52 52 52 52 54 53 53 51 51 51 49 52 49 52 52 52 56 54 54 56 58 57 59 56 57 58 58 58 58 55 56 57 56 53 52 49 49 47 49 43 47 49 49 46 44 48 45 44 48 49 47 46 45 46 48 48 45 45 44 45 42 43 43 44 44 -999 -999 -999 -999 -999 -999 -999 -999 -999 -999 -999 -999 -999 -999 -999 -999 -999 -999 -999 -999 -999 -999 -999 -999 -999 -999 -999 -999
