analysis/data/raw_data/dwd_gridded/monthly_air_temperature_min_01_Jan_grids_germany_monthly_air_temp_min_190401.asc
NCOLS 654
NROWS 866
XLLCORNER 3280414.711633467
YLLCORNER 5237500.62890625
CELLSIZE 1000
NODATA_VALUE -999
[rows 738 to 778 of 866, columns 188 to 281 of 654]
-46 -47 -42 -47 -40 -40 -45 -43 -45 -46 -46 -45 -45 -45 -45 -46 -48 -46 -46 -48 -48 -45 -48 -47 -46 -46 -47 -52 -50 -48 -48 -49 -50 -49 -49 -51 -50 -52 -50 -56 -58 -63 -61 -63 -58 -61 -60 -65 -59 -55 -52 -60 -60 -62 -60 -61 -61 -57 -59 -57 -61 -61 -63 -59 -59 -59 -60 -62 -62 -61 -61 -63 -61 -62 -62 -63 -61 -60 -61 -59 -59 -59 -57 -55 -56 -57 -57 -56 -55 -58 -58 -57 -58 -57
-48 -45 -48 -45 -38 -46 -46 -45 -45 -44 -45 -44 -44 -44 -41 -47 -47 -47 -47 -47 -46 -45 -46 -46 -46 -46 -49 -49 -49 -49 -49 -48 -49 -49 -48 -50 -51 -54 -54 -55 -57 -61 -62 -63 -65 -65 -65 -64 -65 -63 -54 -60 -60 -61 -61 -61 -58 -60 -58 -58 -60 -59 -59 -61 -61 -59 -60 -60 -62 -61 -63 -63 -63 -63 -62 -61 -60 -61 -59 -58 -57 -57 -57 -56 -55 -56 -58 -58 -58 -51 -51 -57 -57 -51
-47 -48 -47 -46 -45 -44 -44 -45 -45 -45 -45 -45 -45 -44 -40 -43 -46 -46 -46 -47 -46 -46 -45 -46 -48 -49 -47 -49 -48 -49 -49 -48 -49 -47 -49 -50 -51 -52 -55 -60 -64 -61 -62 -65 -65 -64 -65 -63 -65 -63 -64 -56 -58 -60 -59 -58 -58 -59 -58 -58 -57 -58 -59 -59 -60 -60 -63 -64 -64 -66 -65 -63 -64 -64 -61 -60 -60 -60 -60 -59 -59 -58 -56 -57 -57 -56 -54 -54 -50 -50 -51 -54 -51 -53
-48 -48 -46 -46 -44 -39 -39 -44 -44 -44 -45 -45 -44 -43 -44 -40 -46 -45 -46 -46 -46 -46 -45 -48 -51 -50 -49 -49 -50 -48 -48 -49 -48 -48 -49 -51 -55 -55 -53 -57 -59 -68 -66 -66 -64 -64 -63 -63 -64 -64 -62 -61 -58 -58 -60 -60 -60 -60 -59 -62 -58 -58 -60 -58 -60 -65 -64 -66 -64 -67 -66 -63 -63 -62 -58 -60 -60 -61 -60 -60 -58 -57 -59 -58 -56 -57 -56 -54 -51 -57 -56 -54 -53 -57
-49 -47 -43 -39 -40 -43 -43 -39 -42 -42 -41 -43 -44 -43 -44 -44 -45 -46 -45 -46 -45 -45 -44 -45 -46 -50 -50 -50 -49 -48 -48 -48 -48 -49 -51 -51 -61 -64 -55 -54 -62 -61 -64 -64 -64 -63 -62 -63 -66 -64 -62 -60 -58 -58 -60 -61 -61 -59 -59 -61 -60 -58 -58 -61 -63 -64 -65 -64 -67 -63 -65 -64 -64 -59 -62 -57 -61 -61 -59 -60 -60 -59 -58 -58 -55 -56 -55 -53 -55 -58 -57 -58 -54 -57
-44 -40 -44 -45 -44 -43 -43 -42 -41 -39 -42 -41 -42 -43 -44 -44 -40 -45 -45 -44 -44 -44 -45 -46 -45 -46 -49 -48 -48 -50 -49 -50 -53 -52 -57 -57 -58 -55 -55 -55 -57 -62 -62 -64 -64 -63 -63 -61 -63 -61 -61 -59 -59 -60 -60 -61 -60 -60 -59 -61 -59 -62 -59 -59 -61 -59 -64 -64 -64 -63 -64 -63 -63 -63 -62 -61 -56 -58 -59 -59 -60 -59 -57 -58 -54 -51 -51 -56 -53 -54 -56 -57 -56 -55
-40 -45 -46 -44 -43 -41 -43 -43 -42 -41 -44 -44 -44 -43 -43 -44 -43 -44 -45 -47 -46 -46 -46 -46 -50 -46 -49 -47 -47 -48 -49 -51 -52 -57 -58 -65 -59 -57 -62 -61 -61 -60 -64 -64 -63 -63 -61 -61 -61 -61 -59 -60 -61 -61 -61 -61 -61 -61 -59 -60 -59 -59 -61 -58 -60 -57 -61 -62 -64 -65 -61 -60 -63 -61 -62 -61 -61 -55 -59 -54 -53 -53 -53 -52 -53 -51 -51 -57 -57 -55 -57 -55 -54 -53
-45 -45 -45 -42 -43 -44 -43 -42 -41 -41 -42 -46 -43 -44 -43 -45 -42 -45 -45 -45 -47 -50 -50 -46 -49 -46 -49 -48 -47 -49 -49 -51 -53 -57 -54 -59 -64 -64 -63 -66 -62 -61 -59 -64 -64 -64 -59 -62 -61 -60 -59 -60 -60 -62 -61 -60 -60 -60 -61 -60 -61 -60 -61 -61 -62 -64 -62 -61 -63 -64 -63 -61 -62 -61 -57 -60 -58 -62 -60 -59 -60 -60 -59 -57 -51 -51 -52 -53 -57 -56 -56 -55 -54 -54
-46 -40 -45 -45 -44 -44 -43 -42 -43 -42 -43 -43 -42 -41 -42 -44 -42 -44 -43 -46 -46 -47 -48 -48 -47 -47 -48 -50 -48 -48 -48 -49 -51 -53 -55 -65 -64 -63 -62 -61 -65 -62 -59 -64 -63 -59 -60 -62 -61 -60 -59 -59 -62 -63 -61 -60 -60 -60 -61 -61 -62 -62 -62 -61 -62 -63 -62 -57 -63 -61 -63 -61 -62 -61 -60 -61 -62 -61 -59 -60 -59 -56 -54 -52 -51 -53 -51 -54 -55 -56 -56 -54 -54 -54
-46 -40 -46 -45 -44 -43 -43 -43 -43 -49 -42 -41 -41 -41 -42 -42 -43 -44 -44 -44 -49 -50 -50 -50 -50 -48 -48 -50 -50 -49 -49 -52 -53 -51 -54 -64 -64 -63 -63 -62 -61 -64 -60 -59 -61 -62 -61 -62 -61 -60 -60 -61 -62 -63 -60 -60 -60 -61 -61 -62 -62 -63 -63 -62 -64 -63 -61 -58 -57 -60 -62 -61 -62 -62 -62 -61 -62 -61 -59 -59 -59 -57 -52 -52 -53 -52 -52 -53 -55 -56 -55 -54 -53 -53
-46 -45 -45 -45 -45 -43 -43 -43 -50 -47 -46 -41 -45 -44 -43 -44 -44 -45 -45 -44 -46 -49 -48 -48 -50 -49 -48 -51 -51 -51 -51 -50 -54 -56 -55 -58 -60 -63 -63 -62 -61 -60 -63 -64 -63 -61 -61 -61 -60 -59 -60 -61 -62 -62 -61 -61 -61 -61 -60 -62 -62 -62 -62 -60 -63 -61 -60 -60 -56 -60 -62 -61 -62 -62 -60 -61 -60 -59 -58 -56 -56 -54 -54 -55 -52 -50 -54 -54 -55 -55 -53 -53 -54 -53
-47 -43 -48 -47 -45 -44 -44 -47 -44 -46 -46 -43 -47 -44 -44 -46 -47 -48 -48 -46 -46 -47 -48 -50 -50 -49 -51 -50 -54 -56 -53 -52 -54 -54 -54 -55 -59 -58 -63 -63 -66 -63 -63 -63 -64 -58 -60 -60 -60 -59 -61 -63 -63 -61 -61 -61 -61 -61 -62 -63 -62 -62 -64 -61 -59 -59 -59 -60 -60 -60 -58 -62 -61 -60 -59 -59 -59 -58 -57 -56 -55 -55 -54 -54 -50 -50 -52 -54 -54 -55 -54 -54 -54 -53
-49 -48 -48 -47 -46 -45 -46 -46 -46 -43 -45 -43 -47 -46 -46 -48 -50 -48 -50 -49 -49 -46 -48 -48 -49 -50 -50 -51 -51 -57 -60 -57 -53 -59 -59 -58 -57 -63 -63 -65 -67 -64 -64 -63 -63 -60 -61 -61 -61 -60 -61 -61 -62 -61 -62 -61 -61 -61 -63 -62 -64 -62 -62 -61 -62 -60 -60 -60 -57 -57 -61 -62 -61 -61 -58 -57 -58 -56 -56 -56 -55 -57 -55 -53 -50 -52 -54 -54 -53 -53 -52 -52 -52 -53
-49 -50 -49 -48 -48 -49 -50 -47 -48 -47 -48 -46 -45 -49 -49 -49 -50 -51 -50 -50 -48 -47 -49 -50 -50 -50 -52 -53 -57 -59 -66 -67 -59 -66 -62 -60 -57 -66 -61 -63 -66 -65 -66 -63 -63 -60 -61 -61 -61 -58 -61 -62 -64 -61 -61 -60 -60 -61 -62 -62 -61 -60 -61 -60 -60 -60 -60 -56 -54 -60 -59 -61 -60 -60 -56 -56 -57 -58 -56 -56 -57 -57 -54 -53 -50 -50 -52 -52 -52 -51 -51 -51 -50 -50
-46 -50 -50 -48 -47 -49 -51 -50 -50 -51 -48 -48 -47 -48 -50 -51 -50 -50 -50 -49 -48 -47 -48 -49 -50 -51 -53 -56 -63 -65 -66 -66 -68 -64 -60 -63 -57 -61 -61 -61 -64 -61 -65 -63 -62 -63 -61 -61 -60 -62 -62 -63 -62 -62 -61 -61 -61 -61 -63 -61 -61 -60 -61 -60 -60 -59 -59 -58 -58 -58 -60 -60 -59 -56 -55 -56 -57 -58 -57 -59 -58 -56 -53 -52 -51 -50 -51 -51 -51 -52 -52 -51 -51 -49
-45 -51 -46 -49 -49 -48 -51 -52 -52 -51 -51 -48 -49 -48 -51 -51 -50 -50 -50 -49 -48 -48 -50 -50 -51 -54 -57 -58 -60 -64 -64 -65 -67 -68 -66 -61 -62 -63 -62 -60 -60 -59 -60 -63 -61 -62 -61 -58 -59 -62 -63 -63 -62 -61 -61 -61 -61 -61 -60 -59 -61 -61 -60 -58 -59 -60 -60 -56 -55 -59 -59 -60 -57 -55 -57 -59 -58 -58 -57 -54 -55 -52 -53 -50 -50 -50 -51 -52 -52 -50 -49 -50 -49 -49
-48 -46 -46 -49 -48 -48 -51 -49 -51 -52 -50 -50 -50 -50 -51 -52 -50 -52 -51 -50 -49 -49 -50 -51 -54 -60 -65 -66 -66 -63 -67 -63 -66 -67 -67 -63 -63 -67 -66 -66 -64 -64 -65 -59 -61 -63 -61 -58 -61 -63 -61 -63 -62 -61 -62 -61 -61 -61 -61 -61 -61 -60 -57 -61 -57 -58 -60 -58 -59 -57 -58 -55 -56 -56 -57 -58 -57 -57 -54 -54 -51 -50 -52 -52 -50 -51 -49 -49 -49 -49 -49 -49 -49 -49
-52 -50 -50 -49 -50 -49 -51 -53 -53 -52 -53 -51 -54 -54 -54 -52 -54 -52 -51 -48 -50 -51 -52 -53 -56 -57 -59 -62 -66 -66 -65 -64 -67 -67 -68 -64 -68 -66 -66 -67 -65 -66 -64 -63 -61 -61 -61 -58 -60 -61 -62 -61 -63 -61 -60 -61 -61 -59 -61 -61 -61 -62 -61 -57 -59 -59 -59 -57 -57 -57 -54 -53 -55 -55 -54 -57 -54 -51 -51 -51 -52 -53 -52 -51 -51 -49 -51 -51 -50 -50 -49 -49 -49 -49
-54 -53 -48 -50 -50 -50 -52 -55 -53 -54 -52 -52 -53 -54 -55 -54 -52 -52 -54 -52 -50 -52 -54 -57 -61 -58 -58 -60 -66 -63 -65 -66 -62 -69 -67 -67 -69 -67 -67 -65 -65 -64 -62 -63 -59 -62 -58 -60 -61 -61 -62 -61 -61 -62 -61 -60 -61 -60 -59 -61 -61 -62 -62 -62 -57 -58 -59 -59 -58 -54 -55 -55 -54 -53 -52 -53 -51 -53 -53 -53 -52 -52 -53 -51 -50 -49 -49 -49 -50 -49 -49 -49 -49 -49
-52 -53 -51 -52 -51 -51 -51 -50 -52 -54 -53 -54 -53 -55 -55 -54 -53 -52 -53 -52 -53 -52 -53 -56 -54 -55 -62 -66 -63 -62 -64 -67 -64 -68 -69 -67 -67 -68 -67 -65 -65 -66 -65 -63 -59 -61 -60 -57 -60 -62 -62 -61 -61 -61 -62 -61 -60 -60 -60 -60 -61 -62 -62 -60 -58 -57 -57 -58 -59 -56 -53 -54 -55 -57 -52 -52 -50 -52 -53 -52 -53 -53 -51 -51 -49 -49 -48 -50 -49 -50 -48 -50 -49 -49
-55 -54 -50 -49 -51 -53 -51 -57 -58 -57 -56 -55 -55 -57 -56 -55 -54 -58 -54 -55 -54 -54 -55 -54 -57 -61 -69 -69 -65 -61 -67 -65 -67 -62 -69 -69 -67 -67 -66 -65 -65 -63 -65 -63 -59 -58 -61 -58 -58 -61 -62 -61 -61 -61 -61 -61 -60 -60 -60 -59 -60 -61 -62 -57 -59 -55 -57 -58 -58 -58 -54 -51 -52 -50 -50 -50 -50 -50 -51 -50 -50 -50 -51 -50 -48 -48 -48 -48 -49 -48 -48 -48 -48 -48
-57 -51 -50 -56 -55 -54 -53 -55 -56 -59 -57 -60 -58 -58 -57 -58 -58 -57 -57 -58 -58 -57 -58 -56 -61 -70 -69 -69 -64 -62 -67 -67 -70 -63 -68 -69 -68 -68 -65 -64 -65 -64 -64 -61 -61 -62 -58 -60 -57 -60 -59 -61 -61 -61 -61 -61 -60 -61 -59 -60 -59 -60 -60 -59 -54 -53 -54 -54 -55 -53 -51 -51 -52 -52 -51 -50 -50 -49 -49 -49 -48 -48 -49 -48 -48 -48 -48 -48 -48 -48 -49 -48 -48 -47
-56 -51 -57 -57 -56 -55 -55 -56 -59 -58 -58 -61 -61 -60 -59 -60 -61 -62 -61 -66 -65 -60 -67 -61 -59 -58 -68 -72 -72 -57 -70 -71 -71 -62 -70 -68 -68 -68 -65 -65 -62 -64 -64 -63 -62 -62 -60 -58 -56 -58 -61 -61 -61 -62 -62 -61 -61 -61 -59 -60 -59 -58 -56 -56 -54 -56 -53 -51 -54 -55 -52 -50 -52 -52 -51 -52 -51 -49 -49 -49 -48 -48 -48 -48 -48 -48 -48 -49 -49 -48 -48 -47 -48 -47
-59 -58 -56 -58 -58 -58 -58 -63 -62 -61 -60 -60 -61 -62 -62 -62 -65 -74 -71 -72 -68 -73 -74 -66 -65 -65 -61 -60 -61 -65 -65 -64 -63 -62 -69 -68 -69 -67 -67 -67 -64 -65 -63 -62 -61 -61 -61 -57 -58 -61 -62 -61 -63 -63 -62 -61 -61 -61 -60 -58 -59 -58 -55 -54 -55 -58 -58 -53 -52 -51 -51 -52 -51 -52 -52 -52 -51 -51 -50 -49 -48 -48 -48 -48 -49 -49 -49 -48 -48 -48 -48 -48 -47 -47
-59 -59 -61 -58 -57 -57 -59 -60 -64 -63 -62 -62 -63 -63 -62 -63 -68 -76 -68 -70 -67 -73 -71 -73 -65 -72 -63 -68 -66 -67 -65 -65 -65 -61 -61 -67 -68 -66 -67 -66 -66 -64 -62 -60 -61 -61 -61 -59 -57 -61 -62 -63 -63 -63 -62 -61 -61 -62 -60 -56 -57 -60 -58 -55 -56 -57 -59 -58 -50 -50 -52 -52 -52 -54 -54 -53 -51 -51 -49 -48 -49 -49 -48 -48 -48 -50 -49 -48 -48 -48 -47 -46 -48 -47
-62 -60 -59 -57 -58 -59 -62 -65 -65 -64 -63 -63 -65 -64 -63 -63 -65 -70 -69 -65 -70 -69 -69 -74 -73 -73 -67 -72 -69 -72 -70 -70 -69 -69 -67 -60 -65 -66 -66 -66 -64 -64 -62 -61 -59 -60 -59 -57 -59 -61 -62 -62 -63 -63 -61 -61 -60 -60 -58 -59 -56 -54 -58 -55 -59 -59 -54 -52 -51 -51 -52 -52 -53 -54 -53 -53 -50 -50 -50 -50 -49 -48 -48 -48 -48 -49 -49 -48 -47 -47 -47 -47 -47 -46
-63 -62 -61 -57 -59 -60 -61 -61 -62 -65 -65 -66 -65 -68 -65 -66 -66 -65 -66 -72 -75 -74 -71 -71 -74 -74 -73 -74 -71 -73 -71 -71 -68 -68 -67 -65 -61 -61 -64 -65 -64 -63 -60 -60 -59 -60 -59 -57 -61 -62 -63 -63 -63 -61 -60 -61 -59 -58 -59 -55 -56 -59 -58 -57 -59 -53 -52 -52 -50 -50 -51 -52 -53 -53 -51 -51 -51 -51 -50 -48 -49 -49 -49 -48 -48 -49 -49 -49 -48 -48 -48 -48 -47 -46
-64 -63 -62 -61 -60 -60 -59 -61 -64 -64 -65 -66 -66 -68 -72 -72 -77 -79 -74 -69 -75 -75 -74 -69 -74 -72 -73 -76 -72 -73 -72 -70 -68 -68 -68 -67 -67 -63 -60 -64 -64 -63 -60 -60 -59 -59 -59 -56 -58 -63 -63 -62 -62 -61 -61 -60 -60 -57 -56 -56 -58 -58 -56 -58 -55 -52 -51 -52 -51 -51 -51 -52 -53 -53 -52 -52 -51 -51 -50 -50 -49 -49 -49 -49 -50 -48 -48 -48 -49 -48 -49 -49 -47 -47
-66 -65 -64 -63 -59 -61 -60 -61 -65 -65 -65 -65 -67 -69 -73 -72 -79 -78 -73 -77 -74 -74 -70 -73 -69 -70 -74 -73 -74 -73 -74 -71 -69 -69 -69 -67 -66 -65 -60 -64 -63 -64 -64 -62 -60 -57 -57 -56 -59 -63 -62 -62 -60 -60 -59 -60 -59 -57 -59 -60 -59 -57 -55 -53 -52 -52 -51 -52 -51 -51 -51 -52 -54 -54 -53 -53 -52 -50 -50 -50 -49 -50 -49 -49 -49 -48 -49 -49 -49 -47 -48 -46 -47 -47
-68 -67 -65 -63 -61 -60 -60 -61 -64 -66 -65 -67 -70 -78 -78 -72 -80 -81 -74 -77 -79 -75 -76 -76 -70 -70 -74 -75 -74 -72 -72 -71 -69 -69 -68 -68 -67 -66 -64 -61 -63 -63 -63 -62 -60 -60 -56 -58 -60 -63 -63 -62 -59 -59 -61 -60 -55 -58 -57 -56 -57 -58 -55 -53 -55 -51 -51 -51 -51 -51 -51 -53 -55 -56 -54 -52 -51 -50 -50 -50 -50 -50 -50 -49 -48 -49 -49 -48 -47 -48 -46 -46 -46 -47
-69 -67 -66 -64 -62 -62 -65 -65 -64 -64 -64 -68 -75 -77 -81 -74 -79 -79 -72 -75 -77 -77 -76 -75 -68 -74 -73 -74 -75 -74 -71 -70 -70 -71 -68 -68 -68 -66 -64 -59 -60 -63 -63 -62 -61 -58 -56 -57 -58 -62 -62 -60 -61 -58 -59 -57 -58 -55 -53 -52 -52 -52 -52 -52 -51 -51 -51 -51 -51 -51 -52 -51 -53 -54 -53 -51 -51 -50 -51 -51 -51 -51 -50 -51 -50 -49 -49 -48 -48 -49 -46 -46 -46 -46
-69 -67 -66 -64 -63 -62 -65 -63 -64 -63 -66 -70 -75 -75 -75 -74 -72 -74 -72 -79 -80 -76 -77 -75 -69 -75 -76 -73 -74 -75 -73 -71 -71 -68 -69 -68 -67 -66 -65 -59 -62 -61 -63 -61 -60 -59 -56 -55 -58 -61 -62 -60 -58 -57 -56 -58 -56 -54 -52 -53 -52 -52 -52 -52 -51 -51 -51 -51 -52 -52 -51 -50 -52 -53 -52 -51 -51 -51 -52 -52 -52 -52 -51 -50 -50 -50 -49 -49 -49 -50 -46 -46 -48 -48
-66 -68 -66 -66 -64 -64 -63 -66 -67 -65 -68 -69 -74 -78 -80 -82 -82 -83 -78 -73 -78 -77 -74 -69 -76 -77 -75 -74 -73 -74 -72 -71 -70 -70 -69 -69 -67 -66 -65 -64 -60 -58 -64 -62 -61 -58 -58 -56 -59 -61 -59 -58 -59 -58 -55 -57 -56 -53 -52 -52 -52 -52 -52 -52 -51 -51 -51 -52 -51 -51 -51 -50 -52 -52 -53 -51 -51 -51 -52 -51 -52 -53 -52 -51 -51 -50 -49 -49 -49 -49 -47 -46 -48 -48
-70 -67 -69 -66 -66 -66 -66 -64 -68 -67 -69 -72 -74 -74 -80 -85 -84 -83 -82 -83 -73 -79 -78 -69 -76 -76 -75 -74 -73 -73 -72 -71 -69 -71 -69 -69 -66 -66 -63 -64 -59 -63 -59 -62 -61 -58 -59 -56 -61 -61 -58 -57 -56 -57 -57 -57 -55 -53 -53 -53 -53 -52 -53 -52 -51 -51 -51 -51 -52 -52 -52 -51 -51 -52 -51 -51 -51 -51 -51 -51 -53 -52 -52 -52 -51 -50 -50 -48 -49 -48 -46 -45 -48 -49
-70 -71 -68 -68 -68 -68 -69 -66 -65 -67 -68 -70 -72 -78 -84 -85 -84 -83 -83 -76 -74 -75 -78 -78 -75 -77 -76 -73 -74 -74 -72 -71 -71 -69 -67 -66 -66 -67 -66 -65 -63 -59 -59 -60 -61 -59 -59 -55 -60 -59 -58 -57 -55 -56 -58 -57 -55 -54 -54 -53 -53 -53 -53 -52 -51 -51 -50 -51 -52 -52 -51 -51 -52 -51 -51 -51 -51 -52 -51 -51 -53 -52 -52 -52 -51 -50 -49 -48 -48 -49 -47 -46 -48 -48
-72 -69 -69 -72 -71 -70 -69 -69 -67 -68 -68 -70 -74 -82 -85 -86 -85 -83 -82 -81 -80 -75 -71 -69 -75 -76 -77 -75 -75 -72 -72 -71 -70 -68 -67 -67 -65 -66 -64 -63 -61 -59 -57 -60 -59 -59 -57 -59 -55 -57 -56 -55 -54 -55 -57 -56 -54 -54 -54 -54 -54 -53 -52 -51 -51 -51 -51 -52 -52 -52 -52 -51 -51 -52 -52 -51 -51 -51 -51 -51 -52 -53 -52 -51 -51 -50 -49 -49 -49 -49 -45 -48 -48 -49
-72 -71 -74 -74 -72 -71 -71 -67 -69 -68 -69 -70 -74 -85 -85 -85 -86 -83 -82 -81 -81 -78 -79 -76 -69 -75 -76 -74 -74 -72 -71 -70 -68 -67 -68 -63 -65 -63 -60 -64 -63 -62 -58 -59 -60 -59 -57 -56 -58 -58 -57 -55 -55 -56 -55 -54 -53 -54 -54 -53 -53 -54 -51 -51 -50 -50 -51 -52 -53 -53 -53 -53 -51 -53 -53 -51 -51 -51 -51 -51 -52 -52 -52 -51 -51 -50 -49 -49 -48 -48 -47 -48 -49 -49
-73 -73 -74 -73 -72 -71 -69 -70 -69 -69 -69 -70 -74 -85 -85 -85 -84 -85 -83 -81 -80 -80 -78 -77 -72 -71 -76 -75 -74 -73 -72 -70 -68 -68 -65 -58 -58 -61 -59 -56 -63 -61 -57 -57 -58 -58 -55 -54 -54 -57 -56 -55 -53 -54 -55 -54 -53 -55 -54 -53 -54 -53 -51 -50 -50 -50 -52 -52 -53 -53 -53 -53 -52 -52 -52 -51 -51 -51 -51 -51 -51 -52 -51 -51 -50 -50 -48 -48 -49 -47 -48 -46 -48 -49
-75 -73 -73 -73 -73 -72 -71 -71 -70 -70 -70 -71 -72 -79 -79 -83 -82 -82 -81 -74 -79 -79 -78 -77 -77 -73 -73 -73 -74 -73 -70 -68 -68 -61 -59 -65 -67 -58 -59 -56 -57 -56 -58 -58 -55 -54 -54 -56 -54 -55 -56 -55 -56 -55 -56 -55 -53 -54 -54 -54 -54 -53 -50 -50 -51 -50 -52 -52 -53 -53 -53 -53 -53 -52 -51 -51 -51 -51 -51 -51 -52 -52 -52 -51 -49 -49 -50 -48 -50 -49 -47 -48 -46 -47
-74 -75 -76 -73 -72 -72 -72 -71 -71 -70 -70 -70 -71 -73 -77 -81 -83 -81 -80 -79 -73 -78 -78 -77 -76 -75 -74 -74 -75 -73 -71 -62 -59 -64 -67 -67 -67 -60 -64 -59 -56 -57 -60 -55 -57 -55 -55 -57 -57 -54 -53 -53 -53 -53 -53 -53 -53 -53 -52 -51 -51 -51 -50 -50 -51 -51 -51 -52 -52 -52 -52 -53 -53 -52 -51 -51 -51 -51 -51 -51 -52 -52 -52 -51 -49 -50 -50 -48 -48 -49 -49 -48 -46 -49
-77 -75 -76 -74 -74 -71 -72 -74 -73 -73 -70 -72 -72 -72 -72 -75 -80 -79 -80 -79 -77 -77 -77 -76 -75 -73 -73 -74 -72 -69 -68 -60 -68 -68 -67 -65 -64 -64 -62 -63 -59 -58 -59 -58 -56 -56 -57 -57 -57 -56 -55 -53 -53 -54 -52 -52 -52 -52 -52 -52 -50 -50 -50 -50 -51 -52 -51 -53 -52 -52 -53 -53 -53 -53 -52 -51 -51 -51 -51 -51 -51 -52 -51 -50 -50 -50 -50 -50 -50 -49 -49 -47 -47 -47
