analysis/data/raw_data/dwd_gridded/monthly_precipitation_01_Jan_grids_germany_monthly_precipitation_188301.asc
NCOLS 654
NROWS 866
XLLCORNER 3280414.711633467
YLLCORNER 5237500.62890625
CELLSIZE 1000
NODATA_VALUE -999
[rows 520 to 571 of 866, columns 384 to 479 of 654]
86 91 86 86 82 79 68 76 76 78 85 84 79 78 73 75 78 72 80 85 86 84 78 74 73 71 67 67 69 73 79 76 79 81 80 76 72 70 68 64 64 62 64 61 66 67 64 63 66 66 60 58 63 59 63 60 61 62 61 59 57 60 59 57 59 57 52 48 53 58 59 61 62 61 65 69 73 74 73 68 73 -999 -999 -999 -999 -999 -999 -999 -999 -999 -999 -999 -999 -999 -999 -999
80 79 84 79 77 68 78 80 77 79 83 79 74 77 73 77 81 84 77 82 85 84 81 77 71 75 76 80 70 77 77 78 78 78 82 78 72 71 70 63 67 67 63 67 62 62 65 68 68 67 65 63 62 63 60 63 61 60 61 60 61 60 58 60 57 55 52 52 52 56 55 56 58 57 63 63 63 64 64 -999 -999 -999 -999 -999 -999 -999 -999 -999 -999 -999 -999 -999 -999 -999 -999 -999
73 77 77 81 80 72 77 70 76 85 77 85 81 74 75 82 83 83 86 84 84 85 83 75 75 78 83 79 71 73 75 83 77 79 79 74 77 73 67 68 70 67 66 65 67 65 68 70 68 68 68 68 66 63 59 60 60 61 62 61 61 -999 -999 60 55 55 56 53 50 49 56 51 55 58 60 60 58 62 -999 -999 -999 -999 -999 -999 -999 -999 -999 -999 -999 -999 -999 -999 -999 -999 -999 -999
73 75 76 69 66 78 76 74 81 81 82 86 77 80 74 82 78 77 77 84 86 83 85 85 84 78 75 76 72 73 76 77 76 80 81 78 75 71 73 67 68 67 68 70 66 65 67 67 67 68 68 70 67 65 64 64 65 61 60 64 62 -999 -999 59 58 62 58 53 57 55 51 53 52 55 55 58 57 62 -999 -999 -999 -999 -999 -999 -999 -999 -999 -999 -999 -999 -999 -999 -999 -999 -999 -999
74 71 76 65 69 76 67 77 79 73 77 83 81 73 82 85 81 90 91 83 89 90 88 80 79 79 80 76 76 80 79 73 78 76 77 80 80 75 73 70 67 68 68 66 66 69 70 65 67 65 67 70 68 64 64 64 68 65 60 60 61 -999 -999 -999 62 58 59 54 58 57 58 56 60 61 59 59 61 62 -999 -999 -999 -999 -999 -999 -999 -999 -999 -999 -999 -999 -999 -999 -999 -999 -999 -999
77 71 76 64 78 62 69 72 77 72 74 85 75 78 92 90 91 86 83 90 82 81 85 84 81 78 74 76 77 81 79 75 79 78 82 85 78 75 73 70 74 67 71 68 65 67 66 65 67 67 69 71 68 68 66 67 66 67 64 61 -999 -999 -999 -999 63 62 57 57 53 56 58 60 56 57 58 60 63 62 -999 -999 -999 -999 -999 -999 -999 -999 -999 -999 -999 -999 -999 -999 -999 -999 -999 -999
72 66 78 64 69 76 74 68 81 74 84 79 86 88 90 87 86 90 99 88 83 81 86 83 77 83 81 87 82 81 80 78 84 81 83 84 82 80 77 74 73 68 66 67 66 65 64 67 68 68 68 67 67 64 66 70 69 65 66 63 -999 -999 -999 -999 66 63 54 59 58 53 56 54 53 55 59 61 -999 -999 -999 -999 -999 -999 -999 -999 -999 -999 -999 -999 -999 -999 -999 -999 -999 -999 -999 -999
64 70 77 73 64 75 68 69 77 77 71 76 78 86 87 84 87 91 86 81 81 85 84 85 81 81 86 87 83 82 78 84 86 84 84 84 86 85 78 76 73 72 69 68 64 67 68 65 63 64 67 66 67 67 68 68 68 65 64 62 -999 -999 -999 -999 64 59 57 51 54 52 50 55 57 57 58 -999 -999 -999 -999 -999 -999 -999 -999 -999 -999 -999 -999 -999 -999 -999 -999 -999 -999 -999 -999 -999
62 67 77 71 61 74 70 79 72 66 78 75 77 86 82 84 86 78 86 86 86 84 84 87 89 88 86 87 83 84 80 88 86 85 84 88 83 82 77 70 73 70 70 72 66 72 66 67 69 68 68 68 69 67 64 68 65 65 -999 -999 -999 -999 -999 -999 -999 -999 -999 -999 54 54 49 52 53 60 58 -999 -999 -999 -999 -999 -999 -999 -999 -999 -999 -999 -999 -999 -999 -999 -999 -999 -999 -999 -999 -999
61 63 65 69 60 72 67 66 71 69 72 75 84 86 79 83 76 85 87 86 84 81 86 81 88 89 86 89 88 87 86 84 87 91 90 85 81 78 76 73 71 73 71 69 66 66 65 70 71 70 69 69 70 67 65 64 64 65 -999 -999 -999 -999 -999 -999 -999 -999 -999 -999 50 49 47 53 57 56 53 -999 -999 -999 -999 -999 -999 -999 -999 -999 -999 -999 -999 -999 -999 -999 -999 -999 -999 -999 -999 -999
59 67 62 66 60 61 66 63 71 79 82 74 70 73 72 73 86 82 79 83 83 83 81 87 88 89 90 86 87 94 85 89 90 91 92 84 83 79 77 76 75 77 75 69 67 70 66 67 67 66 66 64 66 64 64 65 65 65 -999 -999 -999 -999 -999 -999 -999 -999 -999 45 44 46 47 52 55 55 52 -999 -999 -999 -999 -999 -999 -999 -999 -999 -999 -999 -999 -999 -999 -999 -999 -999 -999 -999 -999 -999
56 63 61 59 61 65 59 72 70 67 85 90 70 81 82 83 83 84 81 74 81 88 83 79 82 89 90 90 90 95 92 92 95 94 94 88 85 80 80 77 81 73 70 66 66 66 68 68 66 64 64 61 63 63 63 63 63 66 -999 -999 -999 -999 -999 -999 -999 -999 -999 -999 50 48 48 52 54 -999 -999 -999 -999 -999 -999 -999 -999 -999 -999 -999 -999 -999 -999 -999 -999 -999 -999 -999 -999 -999 -999 -999
62 58 57 68 62 60 60 63 82 84 80 92 77 86 87 79 77 86 86 82 86 87 86 87 92 90 88 90 94 95 98 93 95 97 92 87 84 83 79 78 78 74 72 70 67 67 66 68 69 67 64 65 63 63 63 62 63 65 69 69 65 -999 -999 -999 -999 -999 -999 -999 -999 -999 52 53 53 -999 -999 -999 -999 -999 -999 -999 -999 -999 -999 -999 -999 -999 -999 -999 -999 -999 -999 -999 -999 -999 -999 -999
58 58 56 68 65 58 63 63 76 86 77 85 90 86 86 80 82 86 86 87 83 86 86 86 90 87 90 97 97 97 102 96 94 96 88 83 82 78 83 76 78 74 73 69 69 68 65 70 70 70 66 65 65 66 65 65 64 65 66 63 64 67 -999 -999 -999 -999 -999 -999 -999 -999 51 49 49 47 -999 -999 -999 -999 -999 -999 -999 -999 -999 -999 -999 -999 -999 -999 -999 -999 -999 -999 -999 -999 -999 -999
60 56 57 62 60 65 66 61 66 75 80 90 87 85 86 85 87 89 93 86 79 78 86 86 88 92 91 92 90 94 96 93 92 93 86 81 79 79 78 76 75 73 74 72 69 66 66 69 69 71 68 68 65 65 64 63 68 63 65 64 67 69 -999 -999 -999 -999 -999 -999 -999 -999 54 53 49 -999 -999 -999 -999 -999 -999 -999 -999 -999 -999 -999 -999 -999 -999 -999 -999 -999 -999 -999 -999 -999 -999 -999
58 58 58 54 57 61 66 65 61 68 77 84 86 85 83 83 88 85 85 79 79 83 81 80 86 89 92 89 88 89 89 88 87 87 81 80 77 77 73 72 71 72 71 70 68 69 66 66 65 70 68 66 69 67 66 70 67 64 64 67 68 69 69 -999 -999 -999 -999 -999 -999 -999 59 56 57 -999 -999 -999 -999 -999 -999 -999 -999 -999 -999 -999 -999 -999 -999 -999 -999 -999 -999 -999 -999 -999 -999 -999
53 65 61 61 56 61 65 67 65 65 69 74 87 84 84 86 81 83 82 72 82 82 75 84 82 86 86 89 89 86 87 86 83 84 81 79 77 74 74 74 71 70 70 71 71 70 67 67 68 67 69 68 68 68 66 64 64 64 67 69 69 69 65 -999 -999 -999 -999 -999 -999 63 62 59 55 50 -999 -999 -999 -999 -999 -999 -999 -999 -999 -999 -999 -999 -999 -999 -999 -999 -999 -999 -999 -999 -999 -999
53 65 58 64 64 60 61 64 66 66 67 71 79 82 88 82 80 71 80 69 75 80 76 77 77 80 84 84 85 89 85 83 78 78 77 75 75 75 72 75 71 70 69 69 72 69 67 65 68 72 73 70 73 68 63 63 66 66 63 65 66 68 68 67 -999 -999 -999 -999 -999 -999 59 54 48 -999 -999 -999 -999 -999 -999 -999 -999 -999 -999 -999 -999 -999 -999 -999 -999 -999 -999 -999 -999 -999 -999 -999
53 53 53 59 61 55 55 62 67 66 67 67 67 85 80 77 72 66 71 69 72 74 72 67 74 74 81 84 84 85 80 78 78 75 75 71 73 74 73 74 72 73 71 73 74 70 71 67 69 73 81 79 74 68 64 63 64 63 62 62 62 63 63 67 -999 -999 -999 -999 -999 -999 -999 49 48 -999 -999 -999 -999 -999 -999 -999 -999 -999 -999 -999 -999 -999 -999 -999 -999 -999 -999 -999 -999 -999 -999 -999
55 62 61 54 62 61 61 54 65 65 65 65 62 71 74 68 69 77 70 63 71 68 68 68 72 72 79 83 85 85 81 80 75 70 73 73 74 74 72 78 73 72 78 77 80 77 76 68 68 78 79 78 70 68 65 62 61 60 60 61 59 61 60 59 58 -999 -999 -999 -999 -999 -999 -999 -999 -999 -999 -999 -999 -999 -999 -999 -999 -999 -999 -999 -999 -999 -999 -999 -999 -999 -999 -999 -999 -999 -999 -999
54 57 62 57 60 55 64 61 61 65 64 66 62 60 72 78 76 77 69 73 72 71 69 69 72 71 81 86 85 86 86 81 76 73 72 72 73 72 74 73 76 77 79 82 79 77 72 69 67 71 73 73 69 67 64 62 60 60 58 60 61 61 58 56 57 -999 -999 -999 -999 -999 -999 -999 -999 -999 -999 -999 -999 -999 -999 -999 -999 -999 -999 -999 -999 -999 -999 -999 -999 -999 -999 -999 -999 -999 -999 -999
56 58 60 54 63 61 60 57 61 55 64 66 64 59 58 62 76 75 69 72 76 68 67 67 71 73 78 81 84 85 85 85 76 76 78 77 75 73 74 67 80 85 86 87 78 74 71 68 69 68 68 68 70 66 63 61 56 59 57 58 58 59 56 55 -999 -999 -999 -999 -999 -999 -999 -999 -999 -999 -999 -999 -999 -999 -999 -999 -999 -999 -999 -999 -999 -999 -999 -999 -999 -999 -999 -999 -999 -999 -999 -999
59 64 59 60 58 63 62 58 55 58 62 64 65 63 58 60 63 71 67 71 73 71 69 68 73 76 85 83 85 86 90 86 83 77 76 73 73 71 74 81 87 92 88 82 76 72 72 71 70 67 64 66 67 65 60 57 59 56 57 57 57 55 56 55 -999 -999 -999 -999 -999 -999 -999 -999 -999 -999 -999 -999 -999 -999 -999 -999 -999 -999 -999 -999 -999 -999 -999 -999 -999 -999 -999 -999 -999 -999 -999 -999
55 57 61 55 52 56 58 57 59 61 57 63 64 65 59 56 59 71 64 70 73 70 69 68 76 80 83 87 87 82 86 83 83 81 77 73 73 73 77 84 85 84 87 81 75 77 71 68 65 64 64 63 62 61 58 57 54 54 52 53 52 51 49 51 50 -999 -999 -999 -999 -999 -999 -999 -999 -999 -999 -999 -999 -999 -999 -999 -999 -999 -999 -999 -999 -999 -999 -999 -999 -999 -999 -999 -999 -999 -999 -999
54 54 55 55 52 57 59 57 51 53 64 64 60 64 62 55 55 58 71 68 74 72 67 73 79 76 78 86 85 82 80 83 79 78 77 75 80 74 76 82 86 83 84 82 79 74 70 64 63 62 61 62 61 58 59 54 54 54 54 50 49 49 48 49 49 -999 -999 -999 -999 -999 -999 -999 -999 -999 -999 -999 -999 -999 -999 -999 -999 -999 -999 -999 -999 -999 -999 -999 -999 -999 -999 -999 -999 -999 -999 -999
49 55 55 52 53 53 57 57 54 50 57 61 64 63 64 64 58 55 57 64 72 69 70 73 75 77 81 84 89 81 77 79 79 78 77 74 76 77 82 85 81 84 80 78 75 73 68 67 63 64 63 62 61 57 56 57 54 52 51 52 51 52 46 43 48 -999 -999 -999 -999 -999 -999 -999 -999 -999 -999 -999 -999 -999 -999 -999 -999 -999 -999 -999 -999 -999 -999 -999 -999 -999 -999 -999 -999 -999 -999 -999
48 53 50 52 52 49 54 53 50 48 50 54 58 61 61 53 61 57 55 56 61 69 68 69 74 75 76 81 83 79 76 79 78 75 77 74 79 83 88 84 81 81 82 79 78 75 73 66 63 63 62 61 60 59 60 59 53 53 51 51 53 50 49 39 47 40 -999 -999 -999 -999 -999 -999 -999 -999 -999 -999 -999 -999 -999 -999 -999 -999 -999 -999 -999 -999 -999 -999 -999 -999 -999 -999 -999 -999 -999 -999
49 48 48 49 51 48 50 49 51 49 46 48 50 51 52 52 62 60 57 55 56 58 61 70 65 75 73 78 78 76 74 76 75 76 78 79 86 88 84 85 86 86 85 83 78 77 72 68 67 65 63 62 60 58 58 55 55 53 51 52 53 51 50 54 48 43 40 -999 -999 -999 -999 -999 -999 -999 -999 -999 -999 -999 -999 -999 -999 -999 -999 -999 -999 -999 -999 -999 -999 -999 -999 -999 -999 -999 -999 -999
52 50 47 46 48 47 46 46 46 46 46 52 57 59 62 52 60 60 58 55 54 55 61 69 72 67 73 79 77 75 75 74 74 78 81 79 82 82 84 87 86 89 86 79 79 76 72 69 68 65 63 64 62 61 57 57 55 54 54 53 51 51 49 51 47 42 40 39 39 -999 -999 -999 -999 -999 -999 -999 -999 -999 -999 -999 -999 -999 -999 -999 -999 -999 -999 -999 -999 -999 -999 -999 -999 -999 -999 -999
54 51 52 49 46 46 45 46 46 47 49 50 52 61 61 56 52 61 59 56 55 56 58 69 70 72 72 77 77 76 75 71 80 85 87 86 83 87 86 86 87 89 86 82 80 79 73 67 70 66 65 64 63 64 60 58 57 53 53 52 51 49 49 48 48 44 40 42 42 42 -999 -999 -999 -999 -999 -999 -999 -999 -999 -999 -999 -999 -999 -999 -999 -999 -999 -999 -999 -999 -999 -999 -999 -999 -999 -999
59 52 50 47 50 50 48 46 46 47 48 52 54 56 64 60 55 52 55 58 54 56 58 68 71 70 73 75 77 78 75 77 78 86 93 92 93 93 93 92 90 92 88 84 82 78 75 72 67 66 67 66 65 64 63 58 57 56 55 54 54 52 49 49 47 43 44 44 47 45 -999 -999 -999 -999 -999 -999 -999 -999 -999 -999 -999 -999 -999 -999 -999 -999 -999 -999 -999 -999 -999 -999 -999 -999 -999 -999
55 54 53 48 52 49 52 48 48 47 47 48 50 54 63 64 60 55 51 56 53 55 57 67 68 67 71 72 75 74 76 75 77 84 88 91 98 95 96 93 95 96 88 84 80 81 76 72 71 67 67 64 65 65 63 60 60 59 58 56 54 51 51 47 47 47 48 52 50 49 -999 -999 -999 -999 -999 -999 -999 -999 -999 -999 -999 -999 -999 -999 -999 -999 -999 -999 -999 -999 -999 -999 -999 -999 -999 -999
59 56 51 54 53 51 51 50 50 49 49 48 52 52 62 60 63 60 51 56 51 55 55 60 68 74 70 73 71 70 76 80 85 88 86 83 87 88 93 103 104 90 88 83 81 81 77 72 70 70 70 64 62 61 60 62 59 59 56 55 54 54 51 51 52 57 55 53 52 52 53 49 46 -999 -999 -999 -999 -999 -999 -999 -999 -999 -999 -999 -999 -999 -999 -999 -999 -999 -999 -999 -999 -999 -999 -999
65 54 53 54 54 55 53 55 51 51 50 48 48 50 59 51 52 53 51 60 55 52 55 56 65 70 68 70 66 72 78 83 83 81 84 89 88 86 90 104 107 92 85 84 80 76 76 73 72 73 69 64 63 61 64 59 58 60 57 56 53 51 52 56 57 54 53 53 52 52 53 49 49 45 -999 -999 -999 -999 -999 -999 -999 -999 -999 -999 -999 -999 -999 -999 -999 -999 -999 -999 -999 -999 -999 -999
62 61 55 55 54 52 51 51 51 49 51 47 50 49 51 54 50 49 59 59 61 56 53 55 58 59 62 62 72 71 71 76 86 91 90 88 94 97 90 94 99 96 87 86 81 75 74 73 73 67 62 60 59 59 61 59 58 55 56 52 54 52 52 53 53 53 53 53 52 52 53 47 45 44 45 43 -999 -999 -999 -999 -999 -999 -999 -999 -999 -999 -999 -999 -999 -999 -999 -999 -999 -999 -999 -999
63 64 63 58 54 54 53 51 52 51 53 47 48 48 51 52 58 50 56 61 61 58 56 54 56 56 59 66 71 77 79 87 91 95 90 94 104 104 97 91 94 102 91 85 83 74 73 74 68 66 61 64 60 59 59 62 59 56 55 54 53 52 53 56 56 54 56 54 54 53 52 47 48 42 44 44 -999 -999 -999 -999 -999 -999 -999 -999 -999 -999 -999 -999 -999 -999 -999 -999 -999 -999 -999 -999
62 62 63 58 53 57 53 52 56 56 51 47 47 48 48 51 49 49 50 52 55 61 59 56 56 56 60 66 66 66 79 89 89 94 91 93 96 101 98 98 91 95 95 82 77 73 71 68 66 66 66 64 62 63 63 62 59 56 57 54 60 57 57 60 56 56 57 56 53 51 52 47 43 41 45 45 44 43 -999 -999 -999 -999 -999 -999 -999 -999 -999 -999 -999 -999 -999 -999 -999 -999 -999 -999
61 61 63 60 60 61 55 55 57 53 48 48 46 46 47 49 49 49 51 51 53 57 59 59 57 57 57 63 64 71 79 89 94 93 92 89 91 95 99 92 90 91 96 89 77 76 73 69 72 70 69 66 65 68 65 61 59 57 53 54 60 61 60 61 56 54 54 53 53 50 47 45 43 42 46 46 47 44 41 39 41 43 -999 -999 -999 -999 -999 -999 -999 -999 -999 -999 -999 -999 -999 -999
61 62 63 62 62 58 54 56 52 51 48 49 48 44 43 46 48 52 51 52 52 57 62 58 59 58 58 61 70 71 81 92 96 95 89 97 96 95 95 94 93 89 90 90 85 85 79 78 77 79 81 69 66 68 64 59 57 58 56 54 61 63 61 60 56 55 54 52 52 53 49 45 44 44 47 48 46 43 41 39 37 39 -999 -999 -999 -999 -999 -999 -999 -999 -999 -999 -999 -999 -999 -999
61 62 61 62 63 58 63 57 55 53 50 53 48 49 45 46 48 52 52 56 53 52 56 62 60 58 59 61 66 70 85 94 99 94 91 92 94 97 94 90 89 90 89 91 95 95 87 83 75 85 82 72 74 69 69 61 56 57 61 62 61 65 60 60 60 57 54 52 52 53 49 46 44 47 46 48 48 46 42 40 37 37 38 43 44 44 -999 -999 -999 -999 -999 -999 -999 -999 -999 -999
61 63 63 62 63 61 63 62 58 57 57 55 52 48 48 47 50 56 55 54 55 52 55 63 63 59 61 61 66 76 86 91 100 89 87 95 99 97 93 90 86 88 90 90 89 90 86 84 89 92 82 75 73 69 64 60 61 60 61 60 61 59 59 58 59 58 58 52 53 51 49 47 46 48 47 47 49 47 44 41 39 40 39 41 43 47 -999 -999 -999 -999 -999 -999 -999 -999 -999 -999
63 65 64 65 64 63 63 60 64 56 56 51 49 52 49 47 47 50 56 55 56 54 52 58 64 63 61 63 66 76 81 91 98 83 92 93 102 98 92 87 87 90 91 92 90 90 90 86 84 87 81 78 71 69 66 63 64 61 62 62 61 58 57 57 58 59 59 53 52 52 48 49 50 49 49 48 49 51 45 44 41 43 41 43 47 51 -999 -999 -999 -999 -999 -999 -999 -999 -999 -999
63 64 66 65 65 62 60 63 63 57 52 51 54 54 53 49 47 49 51 52 57 54 52 54 57 56 64 64 63 66 70 71 85 81 91 98 97 99 95 93 89 87 88 93 96 90 87 85 83 84 85 83 74 70 67 64 69 63 67 67 62 61 63 59 56 61 56 56 53 52 52 51 49 51 52 52 49 48 53 45 47 49 45 45 52 -999 -999 -999 -999 -999 -999 -999 -999 -999 -999 -999
58 62 66 65 64 61 61 61 62 60 57 53 55 50 51 49 49 48 49 52 56 52 52 54 60 65 58 60 58 60 61 67 73 68 88 94 94 95 96 96 88 88 86 90 90 86 85 84 83 80 85 84 78 74 70 67 65 65 66 67 67 65 65 61 58 60 57 57 55 54 51 52 52 51 50 50 50 51 56 50 53 55 50 53 53 -999 -999 -999 -999 -999 -999 -999 -999 -999 -999 -999
58 62 65 63 65 62 60 62 66 66 58 55 53 51 53 53 49 49 47 49 50 51 52 53 55 57 58 61 61 58 58 63 70 66 76 82 89 83 90 88 94 93 86 85 85 86 81 80 82 79 84 84 82 77 69 70 68 70 69 72 69 65 61 60 60 59 58 58 56 55 53 55 55 53 52 51 53 51 54 56 51 56 55 54 55 56 -999 -999 -999 -999 -999 -999 -999 -999 -999 -999
59 62 65 64 64 58 64 59 62 61 58 58 56 56 55 53 52 51 49 48 49 51 52 52 58 61 60 64 63 56 56 57 61 68 74 86 89 90 81 83 89 89 87 85 86 83 80 81 80 78 79 82 80 73 70 70 71 71 71 69 63 61 62 61 61 61 59 58 57 57 54 51 52 53 51 50 51 52 52 52 52 53 52 52 56 54 53 52 52 53 -999 -999 -999 -999 -999 -999
61 62 63 63 62 58 64 58 62 60 58 58 55 55 56 55 54 53 49 49 49 49 52 51 55 58 62 66 64 58 60 59 61 61 65 70 75 81 82 75 79 77 79 83 78 79 77 76 76 74 73 77 76 71 69 69 74 73 71 68 67 63 61 62 63 61 61 59 57 56 55 54 51 49 47 48 48 49 49 50 50 50 50 52 53 52 55 52 52 52 -999 -999 -999 -999 -999 -999
59 62 62 62 62 60 54 62 60 62 59 57 58 56 53 51 53 49 49 49 50 50 54 52 51 54 60 65 62 62 61 64 64 66 66 66 66 68 74 71 75 71 75 78 77 77 77 73 69 69 71 71 75 74 74 80 80 69 69 67 65 63 64 65 64 61 61 58 58 56 54 53 52 51 48 47 47 48 49 50 50 50 50 52 52 52 55 58 52 50 50 -999 -999 -999 -999 -999
57 58 62 57 60 60 56 55 54 56 56 56 57 57 55 53 50 52 53 50 50 51 54 54 52 53 54 60 60 62 62 62 66 64 64 65 63 65 66 70 69 68 69 72 79 77 75 73 69 72 70 74 77 80 84 82 74 72 64 64 67 63 64 63 62 62 60 59 58 55 53 51 51 50 48 48 48 47 48 49 50 50 52 51 51 54 56 55 52 51 51 -999 -999 -999 -999 -999
57 57 61 55 62 56 53 54 59 60 63 58 58 58 55 54 50 53 55 51 51 58 55 55 57 53 52 54 58 59 60 63 66 64 65 62 62 62 62 66 66 66 67 67 69 74 71 74 70 65 70 73 75 84 81 86 66 63 62 65 64 62 62 62 61 60 59 59 57 56 53 51 49 48 46 47 48 48 48 49 50 51 52 53 54 54 56 54 52 52 -999 -999 -999 -999 -999 -999
58 58 58 59 62 58 53 55 59 58 56 57 57 57 58 55 54 53 54 55 55 52 53 53 53 61 57 53 54 54 58 60 61 64 66 61 61 61 62 63 64 65 65 65 65 66 67 72 71 66 70 72 77 81 82 77 69 66 67 61 64 64 61 61 60 59 58 58 56 54 53 50 50 48 46 46 43 44 47 50 52 53 55 57 57 57 58 57 58 -999 -999 -999 -999 -999 -999 -999
59 58 56 56 59 62 55 56 55 62 57 58 59 59 61 57 53 54 54 56 54 54 53 53 54 56 55 50 53 54 57 57 59 62 61 60 61 61 61 62 63 63 63 64 63 65 65 75 74 64 65 69 74 77 81 71 68 66 64 63 63 62 61 60 59 59 58 57 55 54 53 52 51 49 47 46 44 46 47 50 52 54 56 61 59 62 63 60 61 -999 -999 -999 -999 -999 -999 -999
