analysis/data/raw_data/dwd_gridded/monthly_air_temperature_min_01_Jan_grids_germany_monthly_air_temp_min_190101.asc_3
NCOLS 654
NROWS 866
XLLCORNER 3280414.711633467
YLLCORNER 5237500.62890625
CELLSIZE 1000
NODATA_VALUE -999
[rows 369 to 409 of 866, columns 188 to 281 of 654]
-61 -62 -63 -64 -64 -66 -68 -70 -71 -72 -73 -75 -76 -77 -79 -81 -83 -85 -89 -93 -94 -97 -101 -106 -107 -110 -112 -113 -114 -117 -120 -117 -116 -114 -113 -110 -111 -112 -109 -109 -108 -104 -103 -100 -101 -99 -95 -94 -96 -98 -100 -98 -97 -97 -94 -88 -87 -86 -88 -91 -95 -99 -100 -102 -103 -105 -104 -103 -106 -109 -108 -108 -105 -103 -103 -100 -100 -103 -102 -102 -102 -101 -98 -98 -96 -94 -93 -92 -90 -95 -88 -88 -83 -81
-61 -62 -63 -64 -65 -65 -68 -69 -70 -72 -73 -74 -75 -77 -79 -81 -84 -87 -89 -93 -95 -99 -102 -106 -106 -108 -110 -112 -115 -119 -120 -120 -117 -114 -115 -110 -112 -112 -108 -108 -107 -104 -102 -100 -100 -98 -97 -96 -97 -93 -98 -96 -96 -95 -89 -90 -87 -87 -87 -93 -96 -100 -104 -105 -105 -107 -101 -104 -108 -108 -109 -108 -106 -104 -105 -103 -105 -104 -104 -105 -104 -105 -98 -99 -98 -95 -96 -96 -91 -89 -91 -86 -83 -82
-61 -61 -63 -64 -65 -66 -67 -68 -69 -70 -72 -73 -76 -76 -79 -83 -85 -87 -92 -96 -98 -101 -103 -106 -107 -107 -108 -111 -113 -118 -120 -117 -115 -113 -111 -109 -108 -109 -108 -105 -108 -106 -102 -99 -98 -97 -97 -94 -94 -93 -95 -92 -93 -95 -90 -87 -86 -89 -87 -91 -96 -99 -103 -105 -107 -106 -106 -101 -104 -107 -106 -106 -108 -106 -105 -107 -106 -107 -106 -107 -107 -103 -100 -104 -99 -97 -97 -98 -94 -91 -88 -84 -84 -83
-61 -62 -63 -65 -65 -66 -67 -69 -70 -71 -71 -73 -74 -76 -80 -84 -86 -88 -92 -98 -100 -100 -103 -105 -107 -105 -108 -110 -113 -116 -119 -119 -115 -113 -114 -110 -108 -107 -106 -105 -109 -107 -102 -99 -98 -99 -97 -94 -90 -89 -88 -88 -88 -88 -87 -87 -88 -88 -88 -93 -98 -100 -102 -105 -103 -107 -107 -108 -101 -101 -105 -107 -108 -109 -106 -109 -109 -110 -109 -108 -108 -107 -102 -104 -101 -98 -97 -97 -95 -93 -88 -85 -84 -83
-61 -62 -63 -64 -65 -66 -67 -69 -70 -70 -71 -73 -75 -78 -81 -84 -88 -90 -94 -97 -98 -101 -103 -102 -103 -106 -109 -110 -112 -114 -117 -120 -116 -114 -112 -112 -108 -107 -110 -107 -106 -103 -103 -100 -99 -97 -95 -91 -89 -91 -92 -87 -87 -87 -89 -90 -95 -90 -90 -88 -97 -100 -102 -101 -103 -106 -102 -107 -106 -100 -104 -104 -109 -111 -105 -110 -110 -112 -106 -107 -105 -105 -101 -105 -103 -100 -97 -98 -95 -94 -89 -85 -82 -81
-60 -62 -63 -64 -65 -66 -67 -68 -69 -71 -71 -72 -75 -78 -82 -85 -88 -90 -94 -96 -97 -99 -102 -100 -104 -106 -108 -109 -111 -115 -114 -118 -114 -115 -114 -111 -108 -108 -111 -109 -107 -105 -101 -102 -101 -96 -93 -90 -91 -91 -90 -89 -92 -88 -90 -90 -93 -89 -89 -90 -95 -97 -101 -100 -101 -102 -104 -102 -100 -101 -100 -102 -107 -111 -108 -109 -108 -109 -103 -104 -105 -101 -100 -106 -103 -101 -97 -95 -97 -94 -89 -85 -83 -82
-60 -61 -63 -64 -65 -67 -68 -68 -68 -70 -71 -72 -75 -78 -82 -87 -87 -90 -95 -98 -100 -102 -100 -103 -102 -107 -108 -108 -110 -112 -114 -115 -111 -112 -111 -112 -110 -108 -109 -109 -106 -104 -101 -101 -100 -98 -93 -90 -95 -92 -91 -94 -90 -90 -91 -92 -90 -89 -88 -90 -95 -98 -100 -100 -100 -101 -98 -98 -99 -102 -100 -100 -103 -105 -108 -102 -104 -104 -104 -103 -104 -104 -101 -103 -104 -104 -99 -95 -96 -93 -90 -85 -82 -81
-60 -61 -62 -64 -65 -65 -67 -68 -69 -70 -71 -71 -74 -77 -82 -87 -86 -89 -94 -98 -102 -103 -102 -105 -105 -104 -104 -107 -110 -111 -110 -111 -111 -112 -109 -111 -110 -111 -107 -106 -107 -105 -101 -100 -101 -100 -98 -90 -94 -93 -90 -92 -92 -92 -90 -89 -91 -87 -88 -90 -93 -97 -100 -103 -103 -101 -99 -99 -97 -103 -106 -101 -100 -101 -104 -102 -103 -102 -101 -103 -105 -102 -100 -99 -103 -101 -100 -97 -93 -94 -88 -84 -82 -83
-60 -61 -62 -64 -65 -66 -67 -69 -70 -71 -72 -73 -73 -77 -78 -84 -86 -89 -93 -97 -100 -103 -103 -105 -103 -101 -103 -106 -108 -110 -107 -109 -113 -109 -109 -109 -109 -108 -108 -107 -106 -104 -99 -100 -101 -100 -97 -95 -95 -95 -92 -92 -92 -93 -93 -89 -91 -87 -88 -91 -95 -97 -100 -101 -103 -103 -101 -100 -101 -98 -104 -104 -102 -102 -102 -104 -104 -102 -101 -101 -102 -100 -97 -101 -104 -101 -96 -94 -93 -94 -88 -85 -82 -81
-59 -60 -61 -63 -64 -66 -67 -68 -70 -71 -73 -71 -73 -76 -79 -80 -85 -89 -92 -94 -98 -102 -102 -99 -101 -104 -106 -105 -106 -107 -110 -106 -109 -109 -108 -106 -105 -105 -106 -105 -103 -101 -102 -102 -98 -99 -99 -97 -97 -97 -94 -95 -91 -90 -90 -87 -86 -87 -88 -91 -93 -96 -98 -97 -98 -93 -100 -98 -96 -96 -100 -106 -103 -104 -104 -102 -102 -102 -99 -99 -98 -99 -99 -100 -98 -101 -101 -97 -90 -93 -87 -84 -83 -82
-58 -60 -62 -63 -64 -66 -67 -69 -70 -72 -71 -71 -73 -77 -80 -83 -85 -88 -93 -94 -95 -96 -97 -101 -102 -103 -105 -105 -106 -106 -109 -105 -106 -108 -108 -106 -107 -105 -105 -102 -102 -99 -102 -100 -99 -100 -99 -97 -97 -96 -96 -96 -93 -89 -87 -88 -93 -87 -88 -89 -91 -90 -94 -91 -98 -94 -95 -93 -94 -95 -96 -102 -105 -102 -102 -101 -99 -99 -100 -100 -104 -103 -104 -99 -99 -102 -99 -94 -91 -90 -87 -85 -83 -82
-59 -60 -62 -63 -65 -65 -67 -70 -71 -69 -71 -74 -74 -73 -77 -82 -84 -86 -90 -95 -96 -94 -98 -101 -102 -103 -104 -105 -105 -107 -107 -103 -103 -106 -105 -105 -104 -104 -103 -103 -101 -100 -100 -99 -99 -100 -97 -96 -96 -96 -93 -93 -90 -92 -94 -94 -91 -86 -87 -88 -90 -92 -92 -92 -98 -92 -94 -93 -98 -93 -94 -99 -104 -104 -102 -99 -98 -101 -101 -100 -105 -105 -102 -101 -101 -100 -97 -93 -92 -92 -87 -84 -83 -83
-61 -60 -61 -63 -64 -66 -67 -70 -71 -71 -71 -73 -76 -76 -78 -80 -82 -86 -89 -93 -95 -92 -97 -98 -100 -103 -103 -103 -104 -107 -105 -102 -102 -101 -102 -105 -101 -102 -102 -102 -100 -99 -99 -97 -100 -98 -96 -94 -94 -94 -94 -92 -89 -90 -94 -95 -95 -93 -94 -92 -89 -91 -91 -92 -95 -95 -91 -92 -92 -93 -93 -98 -99 -100 -97 -101 -100 -98 -98 -100 -102 -104 -103 -101 -101 -97 -94 -93 -93 -93 -86 -84 -83 -83
-60 -61 -61 -62 -64 -66 -67 -66 -68 -69 -72 -73 -75 -77 -77 -77 -82 -83 -87 -90 -86 -91 -96 -95 -97 -97 -99 -100 -101 -105 -105 -104 -100 -98 -100 -101 -102 -99 -98 -96 -97 -95 -96 -98 -98 -97 -95 -93 -91 -90 -91 -88 -94 -95 -95 -95 -93 -92 -90 -91 -90 -91 -92 -90 -93 -92 -93 -96 -96 -92 -92 -94 -99 -97 -95 -96 -95 -95 -95 -100 -104 -101 -102 -98 -97 -94 -93 -94 -94 -89 -86 -85 -84 -83
-60 -62 -62 -63 -63 -65 -65 -67 -69 -70 -72 -74 -76 -77 -77 -79 -80 -83 -85 -83 -86 -91 -94 -93 -93 -97 -98 -100 -99 -101 -102 -104 -98 -97 -100 -98 -95 -95 -96 -96 -95 -94 -96 -96 -95 -95 -93 -92 -89 -88 -88 -89 -91 -92 -93 -93 -93 -92 -92 -92 -88 -88 -89 -91 -94 -93 -95 -96 -97 -90 -93 -98 -98 -101 -98 -97 -95 -95 -95 -97 -101 -96 -98 -99 -95 -93 -91 -91 -91 -90 -87 -84 -83 -82
-61 -62 -63 -63 -63 -63 -64 -67 -69 -67 -72 -74 -76 -76 -75 -76 -80 -82 -81 -84 -85 -88 -91 -93 -93 -95 -95 -97 -98 -98 -99 -100 -100 -96 -98 -96 -95 -97 -96 -95 -94 -93 -94 -94 -95 -94 -91 -89 -88 -88 -88 -88 -89 -90 -92 -89 -90 -89 -89 -88 -87 -86 -89 -94 -95 -94 -96 -97 -95 -89 -94 -100 -100 -97 -100 -99 -98 -98 -94 -96 -94 -98 -97 -96 -91 -91 -91 -93 -91 -89 -85 -83 -84 -85
-63 -63 -63 -63 -64 -61 -64 -68 -69 -69 -70 -73 -75 -75 -77 -77 -75 -76 -78 -81 -86 -89 -88 -91 -93 -93 -92 -94 -97 -98 -99 -99 -103 -95 -94 -94 -95 -96 -95 -92 -93 -93 -93 -94 -94 -92 -91 -90 -91 -89 -90 -89 -89 -88 -90 -88 -88 -87 -87 -85 -86 -90 -89 -93 -94 -95 -96 -94 -94 -91 -90 -90 -90 -91 -96 -98 -97 -97 -92 -92 -95 -97 -94 -94 -90 -90 -90 -91 -91 -89 -85 -84 -84 -84
-63 -64 -62 -60 -64 -65 -63 -66 -68 -69 -70 -73 -75 -75 -74 -78 -79 -81 -78 -80 -80 -83 -86 -85 -89 -91 -92 -92 -94 -95 -95 -97 -99 -94 -92 -94 -93 -94 -91 -90 -90 -91 -92 -90 -90 -90 -90 -89 -89 -89 -89 -88 -89 -88 -89 -90 -88 -90 -89 -87 -86 -88 -90 -89 -90 -92 -93 -95 -100 -95 -95 -92 -89 -91 -97 -98 -93 -92 -91 -90 -91 -92 -91 -92 -88 -89 -90 -89 -87 -87 -86 -84 -84 -84
-64 -59 -60 -63 -65 -66 -65 -67 -66 -67 -71 -73 -74 -75 -76 -80 -81 -77 -79 -83 -80 -81 -82 -84 -84 -86 -89 -92 -90 -92 -94 -95 -97 -93 -90 -91 -91 -91 -89 -88 -88 -89 -90 -88 -88 -88 -88 -87 -86 -86 -86 -87 -86 -87 -89 -89 -89 -93 -89 -86 -85 -87 -89 -90 -91 -90 -90 -93 -98 -99 -100 -92 -88 -91 -97 -96 -93 -94 -93 -91 -88 -89 -89 -88 -89 -90 -91 -90 -91 -89 -89 -88 -83 -83
-64 -60 -62 -64 -65 -65 -66 -66 -67 -67 -71 -72 -74 -74 -79 -82 -81 -80 -78 -80 -79 -82 -84 -83 -82 -85 -89 -91 -90 -94 -94 -95 -95 -94 -90 -91 -90 -90 -89 -87 -88 -88 -88 -87 -87 -87 -86 -86 -85 -85 -85 -86 -86 -86 -88 -90 -88 -88 -87 -85 -85 -89 -88 -89 -91 -89 -91 -91 -93 -95 -99 -94 -87 -89 -97 -98 -94 -99 -98 -95 -90 -88 -89 -88 -90 -92 -90 -89 -90 -90 -88 -85 -83 -83
-60 -59 -61 -64 -66 -67 -67 -66 -68 -69 -70 -73 -74 -75 -76 -79 -81 -81 -79 -80 -80 -82 -83 -86 -82 -86 -87 -90 -91 -92 -90 -89 -92 -93 -87 -87 -88 -88 -85 -86 -87 -85 -85 -86 -86 -86 -85 -86 -86 -85 -85 -85 -86 -86 -88 -87 -87 -86 -84 -84 -85 -89 -88 -89 -91 -91 -90 -91 -92 -96 -97 -95 -88 -86 -92 -97 -97 -95 -96 -94 -90 -86 -89 -91 -93 -91 -90 -90 -90 -89 -89 -85 -83 -83
-57 -59 -64 -67 -66 -64 -67 -68 -69 -70 -70 -71 -70 -71 -74 -76 -78 -80 -81 -81 -81 -81 -84 -85 -84 -87 -87 -85 -85 -86 -84 -85 -87 -89 -89 -87 -88 -86 -86 -85 -84 -84 -85 -84 -83 -83 -83 -85 -85 -83 -84 -84 -84 -83 -88 -87 -85 -82 -83 -83 -84 -88 -89 -91 -90 -90 -92 -91 -92 -95 -94 -94 -95 -90 -86 -88 -91 -96 -94 -95 -91 -88 -88 -88 -88 -89 -90 -92 -91 -90 -89 -85 -84 -82
-58 -56 -61 -62 -63 -64 -66 -65 -67 -69 -67 -68 -67 -69 -71 -72 -73 -75 -79 -81 -81 -82 -84 -85 -85 -86 -87 -83 -82 -83 -84 -82 -86 -86 -88 -87 -86 -88 -87 -86 -84 -85 -84 -83 -83 -82 -82 -82 -83 -83 -83 -83 -84 -83 -85 -83 -80 -81 -83 -82 -83 -88 -88 -90 -89 -90 -92 -94 -92 -93 -94 -89 -93 -94 -85 -86 -86 -89 -94 -91 -89 -91 -88 -88 -90 -93 -94 -91 -90 -90 -87 -85 -82 -82
-60 -60 -60 -58 -60 -63 -65 -66 -67 -66 -67 -68 -66 -67 -70 -72 -73 -74 -78 -81 -83 -83 -84 -87 -87 -85 -86 -84 -81 -82 -83 -81 -85 -83 -86 -86 -85 -83 -84 -85 -86 -85 -84 -82 -82 -83 -81 -81 -81 -82 -83 -84 -84 -82 -81 -81 -81 -84 -81 -82 -83 -87 -90 -90 -89 -89 -90 -93 -95 -94 -95 -94 -87 -89 -84 -92 -95 -92 -86 -91 -89 -91 -88 -89 -88 -92 -90 -91 -92 -91 -88 -85 -83 -82
-59 -61 -62 -62 -63 -62 -64 -65 -65 -66 -63 -63 -66 -68 -70 -72 -74 -75 -77 -81 -82 -83 -84 -86 -81 -83 -81 -84 -81 -79 -82 -81 -80 -80 -81 -82 -82 -82 -83 -84 -85 -83 -84 -82 -82 -81 -80 -81 -81 -83 -83 -83 -85 -82 -81 -86 -85 -81 -80 -89 -85 -87 -88 -89 -89 -89 -92 -92 -93 -95 -94 -90 -83 -83 -85 -93 -95 -90 -91 -88 -89 -88 -90 -91 -89 -90 -91 -92 -91 -89 -87 -84 -83 -82
-58 -61 -62 -63 -63 -62 -61 -59 -61 -65 -65 -66 -67 -68 -70 -71 -72 -74 -77 -79 -81 -82 -84 -83 -81 -82 -78 -79 -83 -79 -80 -80 -78 -80 -81 -79 -80 -81 -81 -81 -81 -83 -83 -83 -82 -81 -81 -80 -81 -83 -83 -85 -85 -80 -85 -88 -85 -88 -81 -81 -82 -86 -88 -87 -87 -89 -91 -93 -92 -93 -94 -88 -83 -92 -94 -95 -93 -92 -91 -89 -88 -88 -89 -90 -89 -91 -92 -90 -90 -88 -87 -85 -83 -83
-54 -59 -60 -62 -62 -62 -64 -64 -65 -65 -66 -63 -67 -67 -68 -73 -72 -73 -76 -79 -80 -81 -83 -77 -76 -78 -77 -76 -75 -75 -76 -78 -79 -83 -82 -80 -78 -78 -81 -82 -81 -82 -82 -81 -82 -81 -81 -79 -81 -84 -79 -82 -80 -80 -84 -85 -83 -82 -81 -80 -82 -85 -87 -85 -85 -87 -88 -91 -93 -93 -95 -86 -81 -81 -83 -91 -93 -91 -90 -88 -87 -87 -90 -90 -89 -91 -93 -89 -88 -88 -86 -83 -83 -82
-58 -55 -59 -58 -62 -64 -64 -65 -67 -66 -65 -65 -66 -69 -70 -71 -73 -74 -76 -78 -79 -81 -82 -77 -77 -75 -74 -75 -76 -79 -78 -78 -78 -80 -83 -80 -78 -78 -79 -80 -81 -80 -81 -81 -82 -82 -80 -79 -80 -82 -79 -79 -80 -82 -85 -85 -84 -81 -81 -80 -80 -83 -85 -84 -86 -88 -86 -90 -93 -91 -90 -85 -81 -80 -82 -83 -91 -91 -89 -88 -87 -87 -89 -91 -89 -93 -94 -90 -88 -87 -86 -84 -82 -82
-59 -57 -59 -55 -60 -59 -63 -63 -66 -67 -67 -66 -66 -65 -67 -70 -71 -73 -75 -79 -79 -79 -76 -76 -74 -74 -74 -78 -77 -77 -80 -78 -77 -79 -83 -80 -78 -80 -77 -78 -80 -79 -79 -77 -79 -81 -80 -79 -79 -79 -81 -79 -80 -85 -85 -83 -82 -81 -80 -80 -81 -82 -83 -84 -85 -87 -89 -88 -92 -88 -87 -91 -84 -79 -80 -89 -91 -90 -88 -87 -87 -87 -88 -90 -94 -93 -91 -90 -88 -88 -86 -83 -82 -82
-61 -59 -56 -57 -55 -55 -57 -59 -63 -66 -67 -67 -66 -66 -69 -70 -72 -73 -75 -76 -75 -75 -72 -73 -75 -75 -76 -75 -75 -77 -80 -77 -78 -78 -79 -78 -77 -77 -78 -78 -78 -77 -80 -78 -78 -80 -78 -79 -81 -82 -82 -81 -78 -82 -83 -82 -82 -81 -79 -79 -80 -82 -84 -84 -85 -85 -88 -89 -88 -89 -91 -93 -86 -81 -80 -81 -89 -88 -88 -86 -84 -86 -89 -93 -96 -92 -92 -90 -90 -87 -85 -84 -83 -81
-60 -57 -58 -56 -54 -57 -57 -58 -58 -60 -66 -65 -66 -67 -69 -71 -72 -74 -71 -71 -68 -69 -70 -74 -74 -76 -75 -73 -75 -74 -79 -78 -78 -77 -78 -80 -79 -76 -76 -77 -78 -78 -79 -79 -80 -78 -80 -81 -81 -82 -83 -82 -77 -80 -81 -81 -82 -80 -79 -79 -79 -82 -83 -83 -85 -86 -87 -87 -88 -90 -89 -91 -89 -87 -80 -80 -79 -88 -89 -87 -83 -84 -84 -87 -91 -91 -89 -88 -87 -88 -85 -83 -81 -84
-58 -58 -57 -58 -54 -54 -58 -59 -63 -63 -64 -66 -66 -66 -68 -69 -71 -74 -70 -70 -68 -67 -74 -74 -75 -74 -77 -78 -74 -74 -77 -79 -79 -77 -78 -79 -78 -76 -75 -75 -79 -78 -79 -79 -81 -81 -81 -81 -82 -82 -81 -79 -77 -78 -81 -83 -81 -79 -80 -80 -80 -82 -82 -84 -85 -85 -86 -89 -90 -90 -90 -88 -86 -86 -86 -78 -83 -87 -89 -85 -84 -82 -83 -84 -88 -89 -89 -87 -88 -86 -85 -83 -83 -82
-62 -58 -62 -56 -56 -56 -60 -61 -61 -62 -64 -64 -67 -66 -65 -70 -73 -72 -72 -68 -65 -70 -71 -73 -75 -75 -72 -73 -73 -73 -76 -78 -77 -78 -76 -77 -78 -75 -74 -74 -79 -79 -78 -79 -80 -81 -83 -81 -81 -81 -79 -78 -79 -78 -78 -82 -82 -82 -79 -79 -79 -82 -81 -83 -84 -83 -86 -87 -90 -91 -91 -87 -89 -87 -87 -79 -80 -84 -84 -86 -82 -83 -83 -88 -88 -87 -86 -85 -87 -86 -85 -84 -83 -85
-56 -58 -58 -59 -58 -58 -56 -60 -61 -61 -62 -64 -66 -64 -68 -70 -68 -66 -65 -64 -66 -69 -68 -71 -72 -74 -72 -73 -72 -75 -80 -77 -75 -77 -77 -76 -75 -76 -78 -73 -77 -79 -79 -79 -80 -80 -81 -81 -80 -81 -80 -79 -78 -79 -78 -80 -80 -81 -80 -79 -81 -80 -81 -80 -83 -83 -83 -85 -87 -87 -89 -91 -88 -89 -86 -79 -77 -78 -85 -84 -81 -82 -86 -89 -89 -87 -84 -84 -84 -86 -85 -85 -83 -86
-56 -56 -60 -61 -57 -55 -58 -58 -61 -62 -63 -63 -64 -66 -64 -64 -63 -64 -64 -65 -70 -70 -69 -71 -73 -73 -72 -71 -72 -77 -78 -77 -76 -75 -77 -76 -74 -73 -74 -73 -75 -80 -79 -79 -80 -82 -82 -83 -82 -85 -84 -78 -77 -77 -78 -82 -82 -80 -78 -78 -78 -78 -79 -79 -80 -81 -83 -83 -83 -84 -86 -87 -86 -86 -86 -79 -78 -81 -85 -84 -85 -84 -88 -91 -87 -86 -85 -88 -84 -84 -84 -87 -83 -84
-61 -57 -57 -60 -59 -56 -58 -60 -62 -63 -65 -61 -65 -60 -59 -62 -61 -64 -64 -66 -71 -68 -70 -72 -72 -71 -71 -71 -75 -76 -74 -77 -75 -75 -74 -74 -73 -73 -73 -74 -75 -76 -79 -80 -80 -81 -82 -83 -81 -80 -78 -77 -80 -78 -77 -79 -80 -81 -80 -80 -80 -79 -78 -80 -80 -82 -83 -84 -82 -82 -85 -86 -84 -83 -85 -83 -79 -80 -83 -81 -83 -81 -83 -83 -87 -87 -88 -86 -85 -86 -87 -87 -85 -82
-60 -57 -56 -58 -57 -60 -59 -60 -61 -65 -61 -60 -64 -61 -62 -60 -64 -62 -64 -71 -71 -68 -71 -71 -72 -72 -71 -70 -74 -77 -77 -77 -76 -75 -74 -75 -73 -73 -73 -72 -74 -77 -80 -79 -80 -81 -82 -83 -81 -82 -81 -80 -82 -79 -78 -80 -79 -81 -81 -80 -80 -80 -79 -79 -82 -83 -84 -82 -82 -80 -85 -82 -82 -81 -85 -84 -77 -78 -80 -82 -83 -80 -81 -84 -88 -85 -89 -90 -87 -87 -87 -87 -88 -84
-57 -56 -56 -57 -57 -59 -61 -61 -62 -64 -66 -55 -55 -61 -57 -65 -63 -67 -68 -70 -70 -70 -71 -71 -71 -72 -69 -71 -74 -77 -77 -75 -76 -75 -75 -75 -74 -73 -72 -72 -74 -75 -75 -79 -82 -80 -81 -82 -84 -83 -80 -78 -81 -82 -80 -79 -78 -81 -80 -80 -81 -80 -80 -80 -81 -83 -83 -83 -81 -79 -81 -76 -79 -78 -78 -80 -77 -79 -83 -80 -82 -81 -81 -80 -81 -84 -84 -83 -84 -86 -86 -85 -84 -83
-59 -58 -56 -57 -58 -60 -60 -64 -61 -60 -54 -65 -67 -64 -60 -53 -59 -67 -69 -71 -68 -70 -71 -71 -71 -69 -70 -73 -74 -74 -77 -77 -74 -74 -74 -73 -72 -73 -73 -73 -75 -73 -78 -79 -78 -80 -80 -82 -81 -79 -80 -78 -81 -84 -81 -80 -79 -80 -81 -80 -80 -81 -80 -79 -80 -80 -80 -82 -81 -80 -78 -75 -74 -82 -80 -77 -81 -82 -86 -85 -81 -80 -80 -79 -79 -80 -80 -84 -83 -85 -87 -86 -85 -86
-58 -59 -60 -59 -60 -62 -63 -60 -59 -60 -61 -63 -60 -61 -57 -63 -64 -68 -69 -70 -70 -71 -72 -72 -71 -69 -73 -75 -73 -74 -74 -74 -73 -75 -74 -73 -72 -72 -72 -75 -77 -74 -79 -79 -76 -76 -79 -83 -83 -81 -79 -79 -79 -85 -82 -80 -80 -81 -82 -81 -80 -81 -79 -79 -79 -79 -80 -81 -81 -82 -78 -78 -83 -84 -84 -79 -85 -85 -89 -85 -83 -81 -80 -78 -77 -78 -78 -82 -81 -86 -87 -89 -86 -84
-61 -63 -65 -60 -64 -65 -58 -58 -59 -63 -65 -63 -58 -60 -63 -64 -63 -64 -66 -70 -70 -71 -69 -70 -71 -72 -72 -75 -74 -73 -72 -73 -74 -73 -72 -73 -76 -75 -74 -76 -76 -75 -74 -76 -76 -77 -79 -81 -82 -82 -80 -80 -80 -87 -85 -81 -82 -82 -82 -81 -82 -82 -80 -78 -79 -78 -77 -79 -80 -81 -75 -78 -82 -84 -86 -86 -83 -88 -89 -88 -88 -84 -83 -83 -81 -79 -78 -78 -80 -81 -86 -91 -90 -87
