analysis/data/raw_data/dwd_gridded/monthly_precipitation_01_Jan_grids_germany_monthly_precipitation_188201.asc
NCOLS 654
NROWS 866
XLLCORNER 3280414.711633467
YLLCORNER 5237500.62890625
CELLSIZE 1000
NODATA_VALUE -999
[rows 424 to 476 of 866, columns 96 to 191 of 654]
65 66 63 66 67 66 68 66 71 71 69 69 65 69 67 67 68 63 60 60 57 52 51 56 54 53 54 52 52 51 51 54 52 46 47 51 47 43 45 48 44 40 44 46 44 46 42 45 50 51 54 52 50 53 55 52 55 52 48 46 48 51 49 44 48 43 47 44 40 46 46 42 45 42 45 47 47 50 44 47 42 40 42 46 49 47 45 46 52 53 51 52 48 48 48 53
70 70 67 71 66 61 66 71 71 72 73 69 68 70 64 68 66 67 64 61 57 60 58 54 56 57 56 50 51 50 50 49 51 52 44 46 47 51 51 50 49 44 40 39 38 39 40 44 46 51 41 41 44 47 52 51 52 48 48 46 50 48 46 48 46 43 47 45 40 41 40 43 45 42 42 47 43 52 43 48 48 43 45 50 52 52 46 46 52 55 50 52 49 48 50 48
72 72 73 72 71 67 73 71 72 71 75 75 69 71 67 69 71 69 65 65 60 53 60 56 56 55 53 51 50 49 53 52 50 51 46 48 55 50 53 53 57 51 49 46 42 51 39 38 38 36 39 38 41 42 45 50 49 50 50 46 44 45 44 45 44 43 44 44 39 38 39 38 39 46 41 45 45 50 45 50 49 43 51 52 44 42 50 46 52 50 53 53 51 47 48 46
76 76 78 74 69 74 74 72 76 73 72 73 73 74 70 66 67 70 68 61 57 55 57 51 55 52 53 51 50 53 55 54 49 52 47 50 54 55 51 52 52 57 51 47 42 40 47 46 44 48 39 41 49 52 46 50 43 46 44 41 44 46 47 46 43 46 43 42 40 40 38 38 37 41 43 49 47 50 47 47 50 52 52 48 48 43 50 47 50 55 52 51 51 50 49 45
76 78 78 78 73 77 78 76 75 76 74 73 76 73 68 65 66 68 66 62 61 60 61 59 52 56 53 51 49 56 53 50 50 52 48 53 55 51 51 51 53 48 43 40 38 42 42 44 51 45 41 38 49 44 44 47 44 44 41 41 48 47 50 46 45 44 44 43 40 40 39 37 41 43 46 49 51 52 54 52 56 52 53 50 47 47 45 52 50 52 56 54 52 50 46 48
78 80 79 79 74 76 79 78 74 76 74 76 74 74 70 65 69 70 67 65 62 60 58 57 58 55 53 53 52 52 53 51 53 46 53 52 53 48 46 43 43 41 41 44 41 48 50 46 43 50 40 38 39 44 41 42 40 39 41 46 47 48 47 47 44 48 47 45 42 40 44 37 38 43 44 45 46 49 52 53 51 47 50 46 52 51 46 48 53 54 57 55 48 45 52 47
81 83 82 80 78 77 75 78 79 78 73 73 71 69 71 69 70 68 68 67 63 58 57 54 53 56 56 56 55 58 56 51 52 51 52 54 50 50 47 49 49 51 50 44 45 46 49 49 42 46 41 37 37 39 40 40 39 43 43 43 46 44 44 49 44 49 47 43 41 40 41 41 42 40 40 42 47 44 51 48 47 52 50 51 47 48 54 52 58 55 54 56 51 45 46 46
79 80 82 81 77 78 78 80 80 75 74 73 75 74 71 72 70 69 67 65 62 62 58 55 54 54 54 59 61 60 53 55 57 54 54 51 51 47 48 47 51 46 44 43 43 48 50 45 45 46 39 36 39 39 38 40 41 44 44 45 42 43 43 47 48 49 44 42 43 40 40 40 45 42 44 46 43 45 46 48 55 49 47 51 50 53 52 61 56 54 51 54 54 49 46 43
74 80 79 77 80 80 78 74 78 76 76 74 73 74 70 69 71 70 67 66 63 57 59 55 54 59 58 58 61 62 60 54 53 59 56 55 52 53 48 50 47 44 43 46 45 47 49 46 42 39 39 35 38 38 41 43 40 45 39 42 43 40 41 45 47 47 45 44 43 42 42 43 44 45 46 43 45 45 45 48 51 48 46 47 52 47 53 56 57 54 52 48 50 55 52 50
78 79 79 79 79 80 76 74 75 75 73 73 75 71 69 68 69 67 65 64 63 60 62 57 57 56 58 61 65 62 62 58 56 55 58 54 51 50 47 46 49 50 47 45 49 47 41 41 42 39 38 38 36 38 40 39 40 41 37 40 41 44 48 47 48 49 46 44 46 44 46 46 46 45 45 43 43 45 47 49 51 45 46 50 46 52 54 54 50 50 52 52 48 52 52 50
74 77 80 76 77 80 78 73 74 73 74 75 74 71 71 66 67 67 64 61 59 58 58 57 59 60 53 59 58 59 61 57 59 55 55 55 62 57 54 56 53 49 46 49 44 43 43 40 38 38 36 41 39 37 37 37 35 38 40 41 40 42 48 49 47 53 50 49 52 51 48 48 47 44 45 45 52 48 48 45 47 49 51 48 53 52 50 52 52 49 49 49 48 48 53 51
70 73 74 76 72 75 76 73 70 72 74 72 73 75 70 67 70 67 65 61 61 63 59 58 57 59 57 56 55 58 60 58 59 62 60 60 56 57 54 53 50 51 51 48 44 41 39 37 37 38 35 40 38 37 35 36 43 41 43 43 43 46 48 47 46 50 49 49 48 44 50 50 45 45 44 46 44 47 48 48 47 47 48 52 53 50 48 54 54 50 49 47 49 54 50 50
72 73 70 74 70 72 74 72 69 72 73 73 72 69 68 70 67 67 65 62 63 66 66 59 56 59 57 56 58 60 61 60 60 59 56 56 56 55 50 51 52 48 49 41 43 39 37 37 36 35 42 40 38 38 35 35 37 42 45 44 49 46 48 44 50 51 48 46 42 42 43 45 50 49 48 49 49 52 52 54 50 54 56 54 48 47 53 53 53 50 50 52 53 48 47 48
67 68 68 72 69 73 74 74 72 74 69 69 70 69 69 68 68 65 64 63 61 62 66 62 59 61 56 59 60 58 64 62 58 54 56 56 52 52 52 52 51 53 44 45 38 37 36 35 36 41 40 38 39 39 38 40 36 37 37 46 43 43 46 41 47 41 43 45 46 45 46 48 46 49 50 56 55 49 53 52 56 56 55 53 53 50 52 50 50 55 57 56 52 47 46 46
65 63 68 69 65 69 70 68 71 73 72 71 71 69 70 69 64 63 65 65 65 61 61 58 61 58 60 59 60 59 61 60 57 54 52 53 53 52 51 52 57 50 47 45 37 35 36 40 41 39 38 38 40 41 38 40 38 41 38 41 42 41 43 39 39 39 50 43 46 50 48 46 54 47 48 48 51 48 49 49 56 54 54 49 52 48 49 54 55 55 58 55 54 51 51 44
64 64 68 64 62 70 70 71 73 73 71 72 71 72 68 70 68 70 69 69 68 63 60 60 61 62 63 60 59 61 60 57 54 58 54 52 54 51 54 51 51 49 45 43 39 36 39 42 41 40 37 40 42 40 40 41 40 45 37 38 40 43 40 47 44 48 51 51 45 51 54 50 51 54 45 48 48 46 53 53 53 49 50 46 47 48 53 50 55 54 55 51 53 48 43 43
60 63 63 63 66 66 68 71 71 68 68 70 73 69 69 69 69 70 68 67 65 67 65 62 62 63 60 57 59 60 61 58 58 57 55 51 52 54 52 49 48 44 43 40 40 42 44 42 40 38 39 43 44 44 44 39 44 40 40 46 44 42 44 43 41 47 51 53 50 55 53 55 54 54 54 51 53 49 55 54 50 47 52 46 45 50 50 49 54 50 53 52 48 48 48 43
60 59 64 66 67 68 67 68 69 65 68 68 68 67 66 68 69 66 69 69 64 65 63 64 65 62 57 56 57 55 56 58 56 55 53 56 50 52 49 50 45 44 45 41 40 41 42 46 44 44 44 42 41 39 44 41 45 42 40 41 41 40 41 40 42 43 43 51 55 51 51 49 51 51 50 51 55 55 53 51 49 47 50 44 48 50 47 51 51 47 50 50 49 46 42 40
61 61 63 61 64 62 64 66 62 63 64 67 66 65 62 66 64 68 68 65 65 63 64 64 65 65 57 58 58 54 57 59 57 55 54 51 50 49 51 46 46 46 46 42 43 43 43 48 45 44 42 44 43 44 47 44 49 44 43 43 41 39 43 41 43 41 41 47 50 54 49 49 50 49 50 53 49 51 52 51 48 48 46 47 46 47 51 50 45 48 46 50 46 40 41 41
63 65 62 61 57 63 60 64 63 63 64 62 60 63 65 66 62 63 61 62 59 63 64 65 64 61 61 56 57 54 54 55 56 56 55 54 55 51 48 45 45 46 42 41 45 46 46 47 46 46 45 45 45 50 48 47 43 40 40 40 42 42 42 41 43 46 45 47 46 47 48 50 48 49 49 49 50 51 50 48 50 48 44 45 45 48 48 48 42 44 42 43 40 41 40 40
62 59 60 62 60 59 64 62 63 63 61 59 61 61 63 61 62 64 61 60 62 63 66 61 63 65 61 51 53 55 54 52 58 59 53 56 53 52 50 49 46 46 44 41 46 45 46 48 50 48 48 48 48 49 44 41 41 46 44 41 46 40 43 47 47 49 45 46 46 44 50 52 50 48 51 48 46 51 45 46 48 44 46 47 48 49 47 47 46 43 42 43 39 40 39 40
63 62 59 57 57 60 60 63 62 61 56 60 58 60 58 60 61 60 61 62 62 62 61 59 57 60 57 55 57 51 55 55 57 56 57 55 54 54 50 49 47 45 45 47 45 44 48 49 46 48 51 49 51 45 42 45 46 42 43 42 48 42 43 43 48 49 44 43 45 43 51 50 50 47 50 49 46 48 44 46 44 44 45 46 49 45 46 46 43 41 43 42 40 39 35 38
56 59 58 57 57 58 59 58 58 54 59 59 58 59 56 61 63 58 61 67 61 57 58 61 56 59 57 51 53 57 58 53 50 48 54 50 51 51 50 49 46 44 49 46 46 47 48 46 49 49 50 47 46 44 48 51 44 45 43 46 44 45 49 44 45 50 48 47 47 46 46 46 45 49 46 44 43 43 44 43 38 41 43 44 45 43 41 42 41 42 43 40 38 38 36 33
54 52 53 55 53 55 55 55 57 53 63 60 62 60 61 63 54 57 61 60 58 58 58 55 56 57 53 54 56 53 52 47 49 53 53 50 51 48 47 47 48 44 46 46 45 47 45 46 50 49 47 48 46 46 46 47 44 47 48 46 50 45 47 46 48 48 50 51 50 47 48 48 48 50 49 49 43 43 41 40 39 43 41 45 42 41 38 38 40 38 42 39 41 35 33 32
55 56 50 52 54 53 53 54 54 56 59 61 59 53 53 59 60 56 60 57 58 58 56 52 54 56 53 53 49 48 46 49 51 54 53 50 48 46 46 48 46 47 43 46 49 49 48 47 49 49 48 48 44 45 49 48 48 44 46 49 48 48 49 46 46 52 52 51 51 51 51 51 51 51 50 45 43 43 42 40 39 41 39 41 39 38 39 36 37 36 39 36 36 35 32 32
50 52 49 53 53 51 54 54 54 54 58 58 58 52 56 57 58 55 55 55 59 55 53 53 54 55 51 48 57 48 48 50 49 50 53 48 50 50 48 45 46 46 47 49 48 48 44 48 48 48 47 43 44 51 49 48 46 46 48 44 44 47 48 51 49 54 57 54 53 52 52 50 51 51 51 46 44 43 43 41 41 39 37 38 35 36 35 40 37 35 39 36 38 33 32 30
50 47 49 53 54 52 57 54 55 57 57 56 55 52 56 56 54 57 57 57 59 56 52 52 50 50 49 47 50 48 50 52 51 51 51 51 49 47 45 44 48 47 46 48 49 48 49 45 47 45 43 43 43 44 43 45 46 47 48 45 47 43 49 46 51 54 56 55 55 52 56 50 52 50 49 48 45 43 44 43 43 42 40 36 35 39 38 35 39 34 38 43 36 36 31 34
45 50 52 50 49 52 54 55 58 60 52 56 52 56 57 52 55 55 49 58 55 53 51 53 55 56 57 50 50 44 48 47 50 53 54 50 48 46 46 47 46 45 46 48 50 50 49 50 49 46 43 43 44 44 48 43 43 48 44 44 43 43 43 48 55 52 54 55 54 54 54 52 51 49 49 49 45 45 46 44 46 43 41 40 36 39 36 34 37 35 36 38 36 35 31 36
43 47 45 50 52 53 57 58 58 52 52 52 52 53 49 58 48 58 52 46 50 49 54 55 56 55 52 48 46 44 48 46 50 51 52 48 49 48 48 49 50 45 45 46 46 47 49 50 50 45 42 43 46 53 49 46 42 45 45 47 43 45 46 47 54 55 55 53 52 55 54 51 52 52 50 48 46 48 46 44 46 45 43 39 37 37 40 35 35 33 32 32 35 31 30 30
45 46 48 52 49 48 51 51 53 56 55 58 57 55 55 57 55 53 50 49 51 52 51 55 53 53 50 49 49 45 46 45 46 49 52 53 52 50 51 49 47 46 46 48 46 47 47 48 47 49 44 43 44 47 47 44 42 43 44 43 41 48 48 48 52 54 54 54 55 52 53 51 52 55 51 48 49 49 48 48 44 46 44 43 43 38 41 39 36 33 34 34 33 31 35 32
42 47 49 46 47 46 48 54 57 59 59 56 60 59 59 57 52 52 51 53 50 52 51 51 50 52 48 50 48 49 48 47 48 51 50 51 49 48 49 49 47 47 47 48 46 46 48 48 47 47 43 43 43 44 45 44 42 42 41 43 46 45 46 51 54 55 54 51 52 53 54 50 52 52 48 53 49 49 48 46 44 44 46 44 41 41 41 38 36 31 35 33 33 35 32 33
46 45 47 47 43 48 52 56 59 62 59 55 54 56 59 59 56 57 50 48 48 51 50 50 51 47 48 48 49 47 48 48 51 47 49 49 48 47 50 50 49 50 50 52 49 49 48 48 47 45 46 43 41 45 42 42 43 47 45 43 44 46 48 49 48 52 51 51 53 54 52 51 52 50 48 51 49 45 48 48 41 45 44 42 43 40 36 36 36 33 34 33 31 32 30 32
46 45 46 41 42 48 48 51 57 59 60 60 60 59 58 55 52 49 52 52 50 46 47 47 48 47 48 48 49 49 47 49 48 48 49 48 46 49 49 51 48 51 49 49 49 49 49 48 46 44 43 42 41 43 43 43 46 44 44 43 47 45 45 46 46 49 51 52 53 52 51 50 51 48 46 44 47 47 43 43 44 42 43 41 40 39 34 36 30 33 33 36 35 31 31 33
45 45 40 40 47 50 49 53 56 55 56 57 58 56 55 55 54 55 50 51 50 50 49 49 45 48 46 48 46 47 48 46 46 46 46 48 48 50 51 49 51 49 49 50 48 49 51 49 46 44 46 45 43 41 45 44 44 42 46 43 47 49 44 44 47 48 51 51 54 52 49 52 51 46 48 46 47 43 41 39 41 42 46 39 36 42 35 34 30 28 32 31 30 32 32 32
43 42 38 42 44 44 48 50 50 54 55 54 52 53 54 52 52 51 53 50 52 51 46 46 50 44 46 46 44 44 48 48 49 50 50 47 48 50 48 50 51 51 51 49 49 48 49 50 48 46 48 44 44 41 43 43 44 45 43 47 45 43 42 48 52 52 51 49 51 49 48 49 46 44 46 44 43 43 45 41 43 39 41 40 39 39 33 33 31 33 32 30 34 32 27 31
39 36 37 42 41 40 45 46 47 50 49 49 52 49 53 49 49 50 48 45 47 45 45 43 46 47 48 43 43 48 48 50 47 51 49 50 49 48 48 47 50 51 51 51 50 49 49 48 46 46 45 46 44 45 43 43 47 48 42 45 42 42 44 44 43 48 51 50 48 46 48 44 43 43 44 48 45 46 45 39 37 39 38 37 37 39 35 34 32 33 30 30 37 34 30 27
40 35 37 40 39 40 41 41 45 47 47 48 48 50 53 50 46 48 45 45 46 45 46 46 45 44 44 44 45 45 46 48 50 49 51 50 50 45 46 46 48 48 50 46 46 46 48 47 46 44 45 46 46 43 43 44 44 43 42 44 42 43 43 42 43 49 43 43 45 45 46 46 43 48 47 47 44 43 40 41 38 37 41 40 34 35 32 32 32 33 31 33 33 32 29 30
35 34 37 40 37 37 40 44 45 47 46 47 48 49 47 48 45 45 47 45 46 47 47 45 44 43 44 45 45 46 46 47 48 47 46 46 47 48 43 44 46 48 46 47 44 44 47 46 45 46 46 43 45 47 44 41 44 42 41 41 42 42 44 44 42 42 44 43 40 42 44 45 44 47 48 44 43 41 41 47 40 41 38 37 36 33 32 34 33 32 31 31 33 35 35 29
32 36 40 39 34 38 40 40 42 42 44 42 45 45 45 44 44 48 48 47 45 45 47 45 42 42 42 44 45 44 49 48 48 46 44 44 48 46 42 44 43 47 45 45 43 48 46 45 46 44 44 46 47 49 44 42 45 46 44 48 47 41 41 45 46 43 40 40 43 41 41 42 45 47 44 46 43 40 41 47 45 39 40 36 35 34 37 37 37 37 31 30 31 34 30 32
31 36 35 33 36 39 40 40 41 40 40 43 43 43 43 42 42 45 46 47 44 46 45 45 44 42 44 42 44 47 48 47 45 46 43 46 46 44 40 42 42 43 43 43 43 44 45 43 45 44 45 44 44 46 45 43 46 44 49 47 46 43 41 41 43 44 40 46 45 45 43 45 47 48 46 44 41 43 43 44 43 40 36 34 33 35 34 36 38 35 32 29 29 30 29 30
31 35 33 38 37 39 40 39 39 41 42 42 41 41 42 42 42 45 44 45 42 43 43 38 43 42 42 44 45 44 48 43 47 46 46 42 44 42 39 42 43 41 43 42 44 44 44 43 45 44 44 45 45 43 44 44 43 45 47 43 43 45 41 40 40 41 43 46 46 48 47 47 49 50 47 49 44 42 40 40 40 40 38 33 32 32 36 37 37 34 33 27 30 27 27 28
33 32 33 36 38 38 39 37 40 39 42 42 41 41 39 43 44 44 41 41 44 43 41 41 40 40 43 43 44 43 45 41 44 43 45 46 42 39 42 40 42 40 39 44 42 44 43 42 45 44 49 47 48 44 43 43 44 43 44 44 41 46 46 42 40 43 42 46 42 42 43 48 46 46 48 46 46 46 43 42 40 39 36 35 33 31 31 33 37 37 33 27 26 28 27 25
33 34 35 36 38 34 35 39 38 40 41 42 42 39 42 43 42 41 41 41 39 38 38 39 42 44 44 42 43 44 43 44 42 47 48 44 43 43 40 42 43 40 37 40 40 41 41 43 46 46 48 47 44 44 45 44 44 44 42 44 42 42 43 44 41 42 40 41 46 43 45 48 48 44 46 46 46 44 43 39 36 37 37 34 33 36 31 34 35 32 32 29 26 27 26 23
31 31 35 36 35 34 37 39 41 41 41 41 41 38 42 41 41 40 39 41 41 41 43 44 42 41 39 42 42 39 40 41 38 45 47 43 43 41 40 40 39 37 37 37 40 43 43 45 45 48 43 49 43 41 43 47 44 44 43 40 40 40 41 42 44 44 45 42 43 48 46 46 43 44 48 45 44 41 41 41 37 34 35 37 36 36 31 33 32 30 29 27 25 25 27 25
30 32 34 35 34 36 38 39 40 39 40 41 40 39 39 39 39 39 43 41 42 44 44 42 39 41 42 38 42 40 41 40 37 42 41 42 39 39 41 41 41 39 38 39 44 42 46 48 45 42 41 42 42 44 44 48 46 47 46 40 43 42 41 41 42 41 43 45 47 48 46 44 40 43 45 43 44 41 42 37 38 35 35 37 36 33 32 32 30 30 28 26 27 26 26 26
30 32 34 34 32 35 36 40 38 40 39 42 42 41 40 40 41 43 44 45 46 39 39 40 39 38 36 40 40 35 37 41 37 38 39 41 41 39 37 39 40 38 36 37 42 42 42 49 47 43 39 42 41 46 46 49 47 45 44 42 43 44 40 40 41 43 43 47 48 44 45 48 44 40 41 43 41 41 40 39 35 37 35 33 33 33 32 32 30 29 27 28 30 29 27 30
28 31 30 31 31 35 35 33 33 35 42 41 42 41 40 41 41 43 44 42 38 38 39 41 40 39 37 39 40 36 34 37 35 35 38 38 36 39 40 39 39 40 37 41 39 39 42 41 43 38 41 44 40 41 43 39 41 43 42 44 43 43 41 42 42 44 47 46 46 43 42 46 41 43 40 37 37 39 40 37 36 37 36 37 34 32 34 34 31 28 29 28 28 30 28 30
27 29 31 30 32 34 34 31 34 39 40 42 42 41 43 41 42 40 40 40 38 39 40 35 36 38 35 36 37 38 36 33 34 35 35 37 36 35 37 38 38 41 39 39 38 37 36 36 36 38 43 46 40 44 44 42 43 41 42 42 42 44 41 43 43 46 43 44 42 45 43 40 43 42 38 38 36 35 38 33 35 38 38 35 32 36 35 35 34 31 28 27 27 30 30 27
25 28 30 32 32 31 32 34 34 36 37 39 41 39 39 41 39 40 38 35 35 36 35 39 34 33 33 37 36 37 39 34 37 33 37 34 35 37 38 37 39 40 40 37 37 39 38 43 41 40 45 45 46 42 39 42 43 41 40 41 42 43 43 42 45 43 40 40 45 46 42 39 37 39 43 41 35 34 32 31 37 36 35 33 33 37 35 34 33 31 28 28 31 31 29 25
25 25 29 31 27 28 30 34 36 37 38 38 39 38 41 37 36 38 36 36 36 42 37 34 37 33 32 37 38 38 33 35 35 32 34 33 36 34 33 32 34 37 34 41 36 43 42 43 48 45 40 41 43 40 37 40 38 39 41 40 44 44 47 46 46 42 41 40 42 40 39 38 41 40 38 35 35 33 31 35 35 34 32 33 35 37 35 36 35 32 32 30 30 28 27 26
24 25 25 24 25 26 30 31 31 32 34 36 34 34 36 37 35 36 37 39 40 42 41 34 37 36 32 35 32 35 34 35 32 33 34 34 33 32 31 35 37 34 37 37 36 41 43 42 44 41 39 39 39 36 37 38 40 41 44 41 40 46 46 46 42 39 42 36 37 36 37 40 40 38 38 33 30 34 37 33 33 33 33 35 37 36 36 36 35 36 36 30 28 26 24 24
25 25 25 25 25 28 29 28 24 30 32 29 28 29 31 31 34 34 33 37 36 41 41 40 37 35 32 36 34 32 30 33 32 34 33 32 34 33 34 37 38 34 37 37 35 35 39 43 39 38 36 36 36 38 36 37 40 40 42 45 42 42 43 44 44 41 36 34 34 36 38 42 36 36 33 30 33 38 36 36 35 33 35 36 35 36 37 36 37 35 32 29 28 27 25 25
28 27 27 24 25 24 24 24 24 26 26 31 29 30 30 30 30 33 36 32 35 42 40 38 36 34 36 32 33 34 35 35 33 34 34 33 37 36 34 34 38 37 40 39 37 37 34 36 35 36 39 41 41 39 39 40 37 44 42 42 42 46 46 41 41 38 35 34 35 36 40 37 34 32 30 33 34 35 35 31 30 33 36 35 34 35 36 36 34 33 31 28 27 27 26 27
