analysis/data/raw_data/dwd_gridded/monthly_air_temperature_min_01_Jan_grids_germany_monthly_air_temp_min_190701.asc
NCOLS 654
NROWS 866
XLLCORNER 3280414.711633467
YLLCORNER 5237500.62890625
CELLSIZE 1000
NODATA_VALUE -999
[rows 336 to 377 of 866, columns 285 to 379 of 654]
-14 -15 -13 -14 -15 -16 -14 -15 -14 -15 -14 -14 -14 -15 -16 -17 -16 -18 -21 -20 -17 -15 -16 -16 -16 -16 -16 -17 -20 -19 -21 -18 -17 -16 -17 -16 -16 -17 -17 -16 -15 -15 -15 -17 -15 -16 -16 -16 -18 -18 -23 -23 -22 -21 -19 -18 -16 -17 -17 -16 -16 -16 -18 -18 -18 -19 -19 -18 -19 -19 -20 -20 -18 -18 -18 -18 -18 -18 -18 -19 -18 -18 -18 -18 -18 -18 -18 -18 -18 -18 -18 -18 -18 -18 -18
-15 -14 -14 -14 -15 -15 -15 -15 -14 -13 -15 -14 -14 -14 -15 -17 -18 -18 -19 -20 -18 -16 -16 -16 -16 -16 -16 -16 -17 -19 -24 -19 -17 -17 -17 -16 -18 -18 -17 -16 -15 -15 -15 -17 -16 -17 -19 -17 -18 -21 -21 -22 -24 -23 -21 -19 -18 -16 -17 -17 -17 -17 -19 -19 -18 -19 -19 -19 -19 -18 -19 -19 -19 -18 -18 -18 -18 -18 -18 -19 -19 -19 -18 -18 -18 -18 -18 -18 -18 -18 -18 -17 -17 -17 -17
-15 -15 -15 -15 -16 -15 -15 -15 -15 -14 -14 -13 -14 -14 -14 -16 -17 -17 -18 -19 -18 -16 -16 -16 -19 -18 -17 -16 -17 -17 -18 -18 -19 -18 -17 -17 -16 -17 -17 -16 -14 -15 -15 -17 -17 -15 -16 -17 -16 -19 -19 -20 -22 -24 -22 -19 -18 -17 -18 -18 -18 -18 -18 -18 -19 -19 -19 -18 -19 -20 -19 -19 -19 -19 -19 -18 -18 -19 -19 -19 -19 -19 -18 -18 -18 -18 -18 -18 -18 -18 -18 -17 -17 -17 -17
-16 -16 -18 -16 -18 -16 -16 -16 -15 -15 -14 -13 -14 -14 -14 -15 -16 -17 -16 -19 -16 -15 -18 -19 -20 -21 -18 -17 -17 -17 -17 -19 -20 -17 -17 -16 -17 -16 -16 -15 -16 -15 -15 -15 -16 -17 -15 -15 -17 -17 -18 -18 -20 -22 -22 -20 -17 -17 -18 -18 -20 -21 -21 -19 -18 -20 -19 -19 -19 -18 -19 -19 -19 -18 -19 -19 -19 -19 -20 -20 -21 -19 -18 -18 -18 -18 -18 -18 -18 -18 -18 -18 -18 -18 -18
-16 -18 -18 -18 -18 -16 -19 -18 -18 -16 -15 -13 -14 -14 -14 -15 -16 -17 -16 -17 -16 -16 -17 -18 -21 -20 -18 -17 -17 -17 -18 -19 -21 -19 -17 -17 -18 -16 -16 -16 -16 -16 -16 -16 -16 -16 -15 -16 -16 -17 -16 -17 -19 -19 -19 -19 -17 -16 -18 -19 -21 -23 -22 -20 -19 -20 -19 -19 -19 -20 -20 -20 -20 -19 -21 -21 -21 -21 -22 -21 -21 -19 -18 -18 -18 -18 -18 -18 -18 -18 -18 -18 -18 -18 -18
-16 -17 -19 -20 -18 -15 -19 -20 -19 -16 -15 -14 -14 -14 -14 -15 -18 -17 -17 -17 -16 -16 -17 -17 -20 -19 -18 -18 -17 -17 -17 -20 -22 -21 -19 -17 -16 -16 -17 -17 -16 -16 -16 -15 -15 -16 -17 -16 -16 -16 -16 -16 -17 -18 -18 -18 -16 -17 -18 -18 -19 -21 -22 -21 -19 -21 -20 -20 -19 -20 -20 -20 -20 -21 -23 -23 -22 -23 -22 -21 -20 -18 -18 -18 -18 -18 -18 -18 -18 -18 -18 -18 -18 -18 -18
-18 -17 -20 -21 -17 -17 -16 -17 -19 -19 -15 -14 -13 -14 -15 -15 -18 -18 -17 -15 -16 -16 -17 -18 -19 -19 -19 -18 -17 -18 -18 -19 -19 -21 -22 -20 -17 -17 -18 -20 -18 -17 -17 -16 -16 -17 -17 -17 -18 -17 -17 -16 -15 -16 -17 -17 -17 -18 -19 -19 -19 -20 -21 -23 -22 -21 -20 -22 -23 -24 -24 -23 -25 -25 -24 -24 -23 -22 -21 -21 -20 -20 -18 -18 -18 -18 -18 -18 -18 -18 -18 -18 -18 -18 -18
-19 -18 -18 -20 -17 -18 -17 -19 -17 -16 -15 -14 -13 -16 -17 -16 -16 -16 -19 -16 -15 -17 -18 -19 -20 -20 -19 -18 -18 -19 -19 -20 -22 -21 -22 -21 -19 -18 -17 -17 -19 -19 -19 -17 -17 -17 -18 -18 -18 -18 -18 -16 -17 -16 -16 -16 -17 -17 -18 -18 -19 -20 -21 -23 -23 -24 -23 -22 -24 -25 -24 -25 -26 -25 -24 -24 -24 -23 -23 -22 -20 -19 -18 -18 -18 -18 -18 -18 -18 -18 -18 -18 -18 -18 -18
-21 -19 -18 -18 -19 -18 -22 -17 -19 -17 -16 -16 -14 -15 -17 -19 -20 -21 -17 -16 -17 -17 -18 -17 -20 -20 -18 -18 -18 -20 -20 -21 -21 -22 -19 -18 -18 -17 -18 -17 -16 -16 -17 -17 -18 -18 -17 -18 -18 -19 -18 -17 -16 -16 -16 -16 -16 -17 -19 -18 -18 -19 -21 -22 -23 -25 -24 -27 -23 -24 -27 -30 -25 -25 -22 -22 -22 -23 -22 -21 -20 -19 -18 -18 -18 -18 -18 -18 -18 -19 -18 -18 -18 -18 -18
-22 -19 -19 -18 -20 -19 -18 -19 -17 -16 -15 -14 -14 -16 -17 -19 -18 -19 -17 -17 -17 -18 -19 -19 -20 -20 -19 -19 -20 -20 -20 -20 -20 -21 -20 -19 -19 -20 -17 -17 -17 -17 -18 -18 -18 -18 -18 -19 -19 -20 -20 -18 -17 -17 -16 -16 -18 -18 -19 -18 -18 -19 -19 -21 -21 -22 -22 -23 -24 -24 -24 -23 -22 -22 -21 -21 -21 -21 -21 -20 -19 -19 -18 -18 -18 -18 -18 -18 -18 -20 -20 -20 -20 -19 -18
-18 -19 -19 -18 -17 -21 -19 -19 -18 -15 -15 -14 -14 -15 -18 -20 -21 -22 -19 -20 -21 -25 -27 -24 -21 -20 -19 -21 -21 -20 -21 -21 -21 -21 -21 -21 -20 -20 -18 -18 -18 -18 -19 -18 -17 -19 -18 -19 -19 -20 -20 -20 -19 -17 -17 -17 -19 -18 -19 -19 -19 -18 -19 -21 -22 -22 -21 -22 -22 -23 -22 -22 -21 -21 -21 -20 -20 -20 -20 -19 -19 -20 -19 -18 -18 -18 -19 -19 -19 -20 -20 -20 -20 -21 -20
-17 -18 -20 -17 -18 -17 -20 -18 -17 -17 -15 -14 -14 -15 -16 -18 -17 -16 -19 -21 -26 -24 -33 -30 -26 -20 -20 -20 -20 -20 -21 -22 -23 -23 -23 -22 -22 -19 -19 -19 -19 -18 -18 -17 -18 -18 -18 -20 -21 -21 -22 -21 -19 -18 -17 -18 -18 -19 -19 -21 -21 -20 -20 -21 -21 -22 -22 -22 -22 -22 -23 -22 -22 -21 -21 -21 -20 -20 -19 -20 -20 -19 -19 -19 -19 -18 -19 -20 -20 -20 -20 -21 -21 -20 -20
-16 -19 -18 -16 -17 -16 -18 -19 -19 -15 -15 -14 -14 -15 -14 -15 -15 -17 -20 -25 -24 -28 -27 -23 -21 -23 -21 -22 -21 -22 -22 -22 -23 -23 -25 -25 -24 -21 -19 -20 -18 -18 -18 -17 -17 -18 -19 -21 -21 -21 -22 -22 -20 -19 -19 -19 -19 -20 -21 -21 -21 -21 -20 -20 -20 -22 -23 -22 -22 -22 -23 -23 -22 -22 -21 -20 -20 -20 -20 -20 -19 -19 -19 -19 -20 -19 -19 -20 -21 -20 -20 -22 -22 -21 -20
-20 -17 -16 -17 -16 -15 -16 -17 -20 -20 -16 -15 -15 -14 -14 -15 -15 -16 -19 -29 -31 -23 -21 -22 -23 -22 -25 -27 -26 -26 -31 -27 -24 -25 -24 -23 -22 -21 -20 -20 -19 -18 -17 -18 -18 -19 -20 -21 -21 -22 -23 -23 -20 -20 -20 -20 -20 -20 -21 -21 -21 -21 -21 -21 -21 -22 -22 -22 -21 -22 -22 -22 -22 -22 -20 -20 -20 -20 -20 -20 -20 -20 -19 -19 -20 -18 -19 -19 -20 -22 -21 -22 -22 -23 -23
-20 -17 -17 -16 -15 -16 -15 -16 -18 -21 -22 -16 -15 -15 -17 -16 -15 -17 -21 -26 -29 -26 -21 -26 -22 -23 -26 -25 -27 -26 -32 -28 -26 -25 -26 -25 -22 -21 -23 -21 -17 -17 -16 -18 -18 -20 -22 -23 -23 -23 -24 -22 -22 -21 -20 -21 -21 -22 -22 -23 -23 -22 -23 -22 -22 -23 -23 -22 -23 -23 -22 -22 -22 -22 -21 -22 -22 -21 -21 -20 -20 -20 -19 -19 -19 -19 -19 -19 -20 -21 -21 -22 -23 -23 -23
-18 -20 -18 -16 -16 -14 -14 -15 -16 -19 -20 -19 -15 -15 -15 -16 -17 -18 -24 -26 -28 -23 -22 -27 -25 -27 -27 -27 -28 -27 -31 -27 -30 -36 -32 -33 -23 -30 -23 -21 -19 -17 -16 -17 -20 -24 -25 -25 -24 -24 -24 -23 -23 -23 -23 -23 -23 -23 -23 -24 -24 -23 -24 -23 -23 -23 -23 -23 -23 -23 -23 -23 -23 -22 -22 -22 -21 -21 -21 -21 -21 -20 -19 -19 -19 -18 -18 -19 -20 -21 -21 -21 -22 -23 -23
-16 -17 -19 -18 -16 -16 -15 -15 -16 -18 -20 -17 -15 -16 -15 -16 -16 -18 -21 -27 -32 -29 -25 -24 -29 -34 -30 -31 -32 -33 -32 -40 -30 -36 -35 -31 -28 -34 -32 -25 -21 -18 -17 -18 -23 -35 -35 -25 -25 -28 -26 -25 -25 -24 -23 -24 -23 -25 -24 -24 -24 -24 -23 -23 -23 -24 -23 -23 -23 -23 -24 -23 -23 -23 -22 -23 -22 -21 -21 -21 -21 -20 -20 -20 -20 -19 -19 -18 -18 -19 -21 -21 -21 -21 -23
-18 -18 -16 -17 -18 -16 -18 -17 -17 -19 -20 -19 -15 -16 -16 -17 -17 -21 -23 -23 -26 -31 -25 -28 -33 -34 -37 -34 -34 -34 -32 -38 -33 -40 -40 -33 -33 -39 -35 -32 -27 -25 -25 -24 -33 -32 -28 -31 -31 -28 -27 -27 -28 -26 -25 -25 -25 -25 -24 -24 -25 -25 -23 -23 -23 -23 -23 -24 -24 -24 -24 -24 -24 -23 -23 -22 -23 -23 -22 -22 -22 -20 -20 -20 -20 -19 -19 -19 -19 -17 -19 -21 -21 -20 -22
-17 -15 -16 -15 -15 -15 -15 -17 -19 -18 -19 -21 -16 -16 -16 -17 -19 -22 -28 -32 -32 -34 -30 -28 -35 -39 -40 -35 -41 -41 -40 -41 -38 -41 -43 -37 -35 -39 -39 -36 -35 -29 -28 -31 -36 -29 -35 -41 -39 -31 -30 -30 -29 -28 -27 -27 -27 -27 -26 -25 -24 -25 -25 -24 -24 -24 -24 -25 -26 -26 -25 -25 -25 -24 -24 -24 -23 -23 -22 -22 -23 -21 -21 -21 -19 -20 -20 -20 -18 -17 -18 -19 -20 -20 -20
-17 -17 -15 -14 -17 -16 -16 -15 -15 -16 -18 -21 -17 -19 -18 -18 -19 -20 -27 -29 -34 -34 -26 -36 -35 -37 -39 -41 -44 -37 -46 -43 -40 -39 -38 -32 -40 -39 -41 -40 -37 -30 -38 -39 -36 -34 -43 -44 -40 -35 -40 -37 -32 -30 -29 -28 -27 -27 -27 -27 -26 -26 -26 -26 -25 -25 -25 -26 -27 -27 -26 -26 -25 -24 -27 -25 -24 -23 -22 -22 -23 -24 -22 -20 -20 -20 -19 -19 -18 -18 -18 -18 -19 -19 -19
-14 -16 -16 -16 -17 -20 -18 -16 -16 -16 -18 -19 -19 -20 -19 -19 -20 -23 -26 -33 -37 -29 -31 -36 -35 -36 -39 -41 -44 -49 -44 -42 -44 -38 -38 -40 -42 -43 -43 -41 -37 -36 -42 -42 -41 -44 -44 -47 -42 -35 -46 -39 -34 -31 -30 -28 -27 -27 -28 -28 -29 -27 -27 -26 -26 -25 -25 -26 -27 -27 -27 -27 -28 -26 -25 -25 -24 -23 -22 -22 -22 -22 -21 -21 -20 -19 -19 -18 -18 -18 -18 -18 -18 -19 -18
-18 -14 -16 -18 -16 -20 -21 -20 -18 -18 -17 -18 -21 -20 -21 -19 -20 -22 -26 -28 -35 -29 -39 -32 -38 -40 -41 -39 -45 -45 -40 -39 -38 -36 -34 -36 -39 -40 -43 -42 -44 -42 -47 -46 -49 -51 -48 -42 -41 -49 -43 -44 -42 -42 -34 -32 -30 -28 -29 -29 -32 -29 -29 -27 -27 -26 -26 -27 -27 -27 -28 -27 -29 -29 -29 -25 -26 -24 -23 -22 -21 -20 -20 -20 -19 -19 -18 -18 -18 -19 -18 -18 -18 -18 -18
-14 -18 -15 -15 -18 -22 -24 -22 -24 -21 -21 -20 -20 -23 -21 -23 -22 -23 -25 -32 -33 -37 -33 -32 -37 -38 -41 -41 -41 -41 -38 -39 -39 -35 -38 -36 -36 -39 -46 -46 -46 -46 -51 -51 -52 -55 -53 -50 -51 -51 -49 -46 -40 -38 -35 -29 -31 -32 -32 -27 -37 -28 -32 -29 -31 -31 -29 -28 -29 -28 -30 -29 -29 -28 -27 -26 -24 -23 -22 -21 -20 -19 -18 -18 -17 -18 -18 -18 -19 -19 -19 -18 -18 -18 -18
-17 -19 -16 -15 -15 -19 -22 -21 -20 -20 -22 -21 -23 -25 -24 -27 -21 -22 -25 -28 -36 -33 -34 -41 -43 -42 -44 -44 -43 -40 -41 -39 -39 -39 -36 -37 -41 -44 -43 -49 -48 -50 -55 -56 -57 -62 -58 -54 -55 -56 -52 -49 -39 -37 -32 -32 -34 -37 -38 -34 -34 -36 -33 -34 -34 -30 -30 -30 -29 -30 -30 -30 -30 -30 -27 -26 -25 -23 -22 -21 -20 -18 -18 -18 -18 -17 -19 -19 -19 -19 -19 -19 -19 -18 -19
-16 -20 -19 -16 -15 -16 -17 -22 -24 -21 -20 -20 -22 -24 -26 -21 -21 -23 -26 -31 -28 -38 -37 -42 -41 -40 -41 -43 -43 -41 -41 -40 -40 -39 -42 -43 -43 -43 -43 -51 -53 -53 -58 -57 -63 -71 -63 -60 -58 -57 -50 -48 -46 -42 -41 -41 -38 -39 -35 -36 -35 -37 -37 -36 -34 -35 -30 -30 -30 -30 -32 -31 -30 -28 -27 -25 -25 -24 -22 -21 -20 -19 -18 -17 -16 -17 -19 -19 -19 -19 -19 -19 -19 -18 -19
-17 -19 -19 -21 -17 -16 -19 -21 -21 -20 -19 -19 -20 -25 -26 -21 -21 -26 -27 -26 -28 -33 -41 -39 -40 -43 -43 -43 -43 -44 -42 -41 -39 -40 -39 -42 -44 -47 -48 -48 -57 -58 -60 -62 -67 -76 -77 -66 -66 -58 -54 -50 -49 -45 -37 -41 -41 -40 -39 -38 -39 -38 -37 -37 -36 -33 -34 -33 -32 -31 -31 -31 -31 -28 -27 -26 -26 -26 -24 -22 -19 -18 -17 -17 -17 -18 -18 -19 -19 -19 -19 -19 -19 -19 -19
-21 -18 -18 -20 -19 -21 -15 -16 -17 -19 -18 -18 -19 -20 -22 -24 -21 -22 -25 -28 -28 -35 -38 -40 -40 -45 -46 -45 -46 -44 -44 -42 -42 -41 -41 -44 -45 -52 -57 -55 -55 -58 -60 -65 -67 -73 -77 -68 -66 -55 -63 -58 -49 -47 -42 -42 -40 -41 -42 -41 -40 -39 -39 -37 -36 -39 -34 -36 -35 -31 -31 -29 -29 -28 -27 -27 -24 -24 -22 -21 -20 -17 -16 -17 -17 -18 -18 -19 -19 -19 -19 -19 -19 -19 -19
-21 -18 -21 -21 -19 -18 -16 -16 -16 -16 -18 -19 -18 -21 -24 -24 -21 -22 -24 -26 -30 -38 -42 -41 -42 -44 -45 -43 -44 -44 -45 -45 -41 -42 -45 -45 -52 -56 -58 -53 -52 -56 -58 -61 -64 -69 -67 -69 -64 -63 -58 -59 -52 -47 -42 -41 -42 -41 -40 -40 -40 -40 -39 -40 -39 -40 -37 -37 -34 -34 -32 -31 -28 -27 -27 -25 -24 -23 -22 -20 -19 -17 -17 -17 -17 -20 -21 -20 -19 -19 -19 -20 -20 -19 -20
-17 -20 -18 -17 -18 -16 -16 -18 -17 -19 -19 -18 -18 -23 -23 -23 -20 -22 -23 -25 -28 -35 -41 -43 -41 -43 -43 -43 -45 -41 -44 -39 -41 -44 -46 -52 -55 -58 -56 -53 -50 -54 -56 -56 -58 -57 -62 -57 -58 -61 -55 -51 -50 -44 -42 -42 -42 -40 -39 -39 -39 -40 -41 -40 -40 -39 -39 -34 -34 -31 -32 -32 -30 -29 -28 -25 -25 -23 -21 -20 -19 -18 -17 -18 -17 -18 -19 -20 -20 -20 -21 -20 -20 -21 -21
-18 -17 -21 -17 -17 -17 -17 -18 -21 -22 -22 -19 -18 -22 -24 -20 -20 -20 -22 -25 -31 -35 -39 -39 -41 -42 -45 -46 -45 -40 -40 -40 -40 -41 -52 -54 -52 -52 -53 -51 -49 -50 -55 -54 -53 -52 -52 -52 -51 -53 -49 -49 -46 -42 -41 -41 -41 -40 -40 -40 -39 -39 -39 -36 -40 -40 -39 -37 -34 -31 -31 -30 -29 -28 -25 -25 -24 -22 -21 -20 -21 -19 -19 -19 -19 -20 -20 -20 -20 -21 -20 -20 -21 -21 -21
-15 -16 -17 -17 -17 -18 -19 -20 -24 -25 -22 -18 -21 -22 -25 -20 -20 -26 -23 -27 -28 -32 -34 -35 -39 -38 -38 -41 -38 -38 -35 -38 -44 -48 -51 -54 -46 -50 -51 -51 -47 -45 -50 -49 -47 -53 -59 -53 -51 -48 -46 -45 -42 -42 -41 -39 -39 -40 -41 -39 -38 -38 -37 -37 -35 -37 -38 -37 -36 -32 -34 -32 -31 -28 -26 -26 -25 -23 -22 -22 -21 -21 -21 -21 -20 -20 -21 -21 -21 -21 -21 -21 -21 -21 -21
-15 -16 -17 -20 -18 -18 -19 -19 -22 -21 -21 -20 -20 -25 -27 -20 -20 -24 -22 -25 -26 -29 -32 -32 -39 -39 -36 -36 -35 -35 -38 -45 -44 -52 -56 -51 -47 -47 -51 -51 -49 -41 -43 -43 -45 -44 -50 -50 -49 -48 -43 -42 -41 -39 -40 -39 -38 -38 -39 -37 -38 -37 -39 -37 -37 -32 -36 -34 -36 -37 -34 -32 -36 -33 -32 -35 -30 -27 -24 -26 -24 -24 -23 -24 -22 -21 -22 -23 -24 -23 -23 -23 -23 -23 -22
-15 -15 -16 -20 -18 -17 -18 -18 -18 -21 -20 -22 -23 -24 -24 -20 -20 -25 -23 -24 -25 -27 -30 -31 -32 -32 -33 -34 -33 -35 -38 -48 -52 -55 -50 -43 -44 -42 -46 -49 -53 -44 -45 -43 -43 -43 -45 -46 -45 -44 -43 -42 -42 -41 -39 -39 -38 -38 -37 -37 -40 -38 -37 -34 -34 -38 -36 -31 -35 -36 -35 -36 -31 -28 -37 -37 -35 -27 -28 -28 -26 -24 -25 -25 -26 -25 -26 -26 -25 -24 -24 -24 -24 -23 -22
-15 -15 -17 -17 -17 -16 -21 -19 -22 -26 -23 -23 -24 -25 -23 -20 -21 -25 -26 -27 -26 -27 -30 -28 -28 -34 -33 -39 -37 -40 -48 -51 -53 -48 -43 -43 -40 -43 -42 -47 -45 -46 -36 -41 -42 -40 -42 -42 -43 -43 -43 -44 -43 -42 -40 -39 -37 -39 -40 -39 -35 -35 -36 -34 -35 -38 -35 -34 -31 -33 -30 -29 -35 -38 -37 -38 -36 -35 -33 -30 -30 -27 -30 -26 -28 -29 -28 -26 -25 -24 -24 -23 -23 -23 -23
-15 -16 -18 -18 -17 -17 -19 -19 -20 -23 -21 -22 -24 -22 -21 -20 -21 -25 -25 -25 -27 -26 -26 -29 -31 -36 -38 -41 -42 -45 -49 -50 -41 -43 -37 -43 -43 -38 -46 -45 -46 -40 -38 -41 -41 -40 -40 -41 -42 -44 -43 -42 -41 -40 -39 -38 -39 -39 -38 -36 -37 -37 -36 -35 -35 -36 -35 -35 -36 -31 -30 -32 -37 -38 -37 -38 -37 -36 -34 -33 -34 -32 -30 -32 -31 -31 -30 -30 -28 -27 -27 -24 -24 -23 -26
-15 -15 -15 -16 -16 -16 -18 -18 -20 -23 -22 -22 -23 -25 -23 -22 -24 -24 -23 -25 -25 -26 -26 -28 -31 -35 -40 -44 -43 -42 -42 -40 -37 -39 -43 -35 -42 -39 -40 -43 -44 -45 -38 -42 -42 -42 -43 -43 -42 -41 -41 -41 -42 -41 -38 -40 -38 -36 -36 -37 -35 -35 -37 -36 -37 -36 -35 -36 -38 -37 -31 -33 -36 -37 -39 -41 -38 -36 -37 -35 -36 -34 -33 -33 -32 -32 -32 -30 -30 -30 -28 -27 -24 -26 -27
-15 -15 -15 -15 -16 -16 -16 -17 -18 -20 -21 -20 -23 -23 -19 -21 -24 -22 -24 -25 -24 -26 -28 -26 -30 -33 -38 -36 -40 -42 -37 -41 -37 -33 -34 -42 -42 -38 -38 -39 -45 -44 -37 -39 -43 -41 -42 -42 -42 -40 -40 -41 -40 -39 -40 -40 -39 -38 -36 -37 -35 -33 -35 -35 -36 -36 -37 -36 -35 -35 -32 -35 -34 -36 -38 -40 -42 -39 -39 -37 -36 -35 -35 -34 -34 -32 -32 -31 -31 -31 -30 -30 -29 -29 -28
-16 -15 -15 -16 -18 -18 -18 -17 -17 -18 -19 -19 -19 -21 -20 -20 -20 -21 -25 -28 -24 -25 -27 -27 -27 -30 -32 -33 -33 -38 -38 -41 -32 -38 -39 -34 -39 -39 -36 -43 -39 -45 -39 -42 -42 -42 -42 -42 -42 -40 -41 -41 -42 -42 -41 -39 -39 -37 -37 -37 -35 -35 -34 -34 -35 -36 -35 -35 -33 -32 -36 -35 -37 -36 -37 -38 -37 -38 -41 -40 -37 -35 -34 -34 -33 -32 -32 -29 -31 -25 -26 -28 -30 -30 -28
-16 -15 -15 -17 -21 -20 -18 -18 -19 -18 -18 -19 -19 -19 -21 -22 -23 -22 -22 -26 -24 -24 -26 -26 -26 -29 -31 -30 -32 -39 -35 -29 -40 -36 -44 -44 -44 -43 -41 -43 -37 -44 -43 -35 -43 -42 -43 -43 -44 -43 -43 -43 -42 -42 -41 -40 -39 -36 -37 -37 -37 -36 -35 -35 -33 -34 -35 -35 -35 -36 -34 -34 -37 -36 -38 -36 -35 -38 -39 -38 -35 -33 -33 -33 -34 -28 -28 -31 -26 -27 -31 -30 -32 -31 -30
-15 -15 -16 -18 -23 -21 -19 -22 -21 -20 -19 -19 -20 -21 -24 -24 -24 -22 -21 -23 -25 -28 -25 -25 -24 -26 -27 -32 -31 -28 -28 -32 -32 -39 -40 -41 -38 -38 -34 -42 -40 -43 -34 -43 -43 -42 -45 -44 -45 -44 -44 -45 -43 -41 -41 -40 -38 -38 -35 -38 -38 -36 -36 -35 -34 -35 -36 -34 -35 -34 -35 -36 -36 -37 -37 -35 -34 -37 -36 -36 -35 -33 -31 -33 -30 -33 -34 -33 -30 -33 -33 -32 -30 -29 -27
-15 -16 -16 -19 -23 -22 -20 -20 -18 -19 -19 -19 -20 -21 -21 -21 -22 -21 -23 -24 -23 -26 -25 -23 -23 -24 -26 -28 -30 -33 -35 -37 -34 -43 -36 -34 -36 -37 -38 -34 -38 -35 -43 -40 -42 -39 -42 -40 -43 -46 -46 -45 -43 -41 -40 -38 -38 -38 -36 -39 -39 -37 -37 -35 -34 -33 -35 -37 -34 -35 -35 -35 -35 -35 -36 -35 -34 -33 -36 -35 -34 -31 -37 -36 -33 -33 -33 -33 -34 -32 -30 -29 -28 -29 -29
-16 -16 -17 -21 -22 -21 -21 -19 -20 -21 -19 -19 -19 -19 -20 -20 -20 -22 -23 -23 -22 -23 -23 -23 -24 -24 -25 -26 -26 -30 -32 -32 -39 -35 -40 -34 -34 -36 -32 -39 -33 -44 -46 -43 -41 -41 -38 -37 -39 -43 -44 -44 -42 -42 -39 -40 -39 -39 -38 -39 -36 -35 -36 -36 -35 -34 -35 -35 -35 -35 -36 -35 -35 -34 -35 -35 -34 -34 -34 -34 -35 -36 -37 -37 -35 -33 -32 -33 -31 -31 -30 -30 -30 -28 -27
