analysis/data/raw_data/dwd_gridded/monthly_air_temperature_min_01_Jan_grids_germany_monthly_air_temp_min_190401.asc
NCOLS 654
NROWS 866
XLLCORNER 3280414.711633467
YLLCORNER 5237500.62890625
CELLSIZE 1000
NODATA_VALUE -999
[rows 492 to 532 of 866, columns 282 to 375 of 654]
-55 -58 -57 -61 -59 -63 -59 -57 -58 -54 -57 -62 -66 -65 -64 -64 -66 -64 -60 -57 -57 -58 -62 -64 -62 -56 -52 -51 -51 -50 -47 -47 -49 -48 -43 -46 -47 -52 -54 -51 -57 -61 -59 -53 -55 -50 -52 -48 -50 -54 -56 -54 -55 -52 -57 -59 -58 -48 -52 -59 -57 -56 -63 -65 -63 -60 -61 -60 -61 -63 -65 -63 -65 -66 -64 -61 -65 -63 -61 -68 -66 -64 -60 -65 -61 -63 -57 -62 -63 -56 -57 -64 -62 -65
-54 -53 -54 -57 -59 -61 -59 -54 -54 -56 -55 -58 -63 -61 -66 -61 -63 -62 -59 -58 -60 -61 -61 -63 -57 -54 -52 -55 -53 -49 -48 -47 -47 -47 -47 -43 -44 -53 -51 -51 -55 -56 -54 -50 -53 -48 -51 -52 -54 -52 -52 -50 -51 -49 -52 -53 -48 -49 -50 -54 -61 -59 -64 -58 -60 -59 -59 -60 -63 -64 -64 -67 -68 -67 -66 -66 -68 -67 -63 -70 -67 -65 -65 -63 -57 -56 -58 -59 -56 -63 -64 -58 -68 -64
-57 -55 -56 -55 -56 -59 -57 -54 -58 -59 -57 -56 -58 -63 -65 -63 -60 -59 -58 -58 -60 -59 -58 -58 -57 -55 -53 -54 -52 -50 -50 -47 -48 -46 -46 -44 -43 -49 -52 -51 -50 -52 -52 -50 -50 -48 -54 -55 -54 -50 -51 -54 -50 -50 -52 -52 -50 -51 -52 -57 -56 -63 -65 -57 -59 -59 -57 -61 -64 -64 -64 -67 -67 -65 -66 -68 -67 -68 -66 -68 -65 -67 -63 -66 -58 -63 -60 -65 -65 -62 -65 -62 -65 -62
-58 -57 -60 -56 -56 -60 -57 -54 -63 -65 -60 -65 -60 -64 -66 -62 -60 -61 -61 -58 -60 -64 -60 -54 -58 -59 -58 -60 -56 -51 -48 -48 -49 -46 -44 -47 -45 -44 -49 -49 -51 -51 -51 -50 -50 -50 -51 -51 -48 -49 -49 -51 -51 -50 -49 -48 -54 -49 -54 -54 -59 -58 -64 -60 -58 -58 -57 -62 -63 -64 -65 -63 -69 -68 -68 -70 -70 -68 -67 -65 -66 -66 -67 -65 -62 -62 -62 -63 -69 -66 -69 -59 -63 -63
-60 -61 -61 -58 -57 -59 -58 -55 -67 -68 -61 -65 -61 -64 -68 -65 -63 -64 -60 -59 -60 -58 -60 -64 -63 -61 -63 -67 -60 -52 -49 -47 -45 -45 -49 -51 -46 -44 -46 -44 -50 -51 -51 -49 -48 -51 -48 -51 -54 -54 -55 -55 -54 -54 -56 -55 -57 -53 -55 -53 -56 -57 -58 -59 -59 -58 -53 -60 -63 -57 -65 -66 -67 -70 -70 -68 -67 -67 -66 -65 -66 -68 -64 -65 -61 -64 -68 -68 -70 -70 -72 -68 -60 -60
-58 -65 -62 -63 -58 -63 -59 -55 -61 -66 -64 -63 -62 -65 -71 -71 -67 -60 -59 -66 -60 -57 -58 -62 -58 -62 -64 -65 -59 -55 -50 -46 -45 -50 -52 -50 -49 -44 -46 -52 -49 -52 -50 -50 -48 -50 -48 -51 -52 -53 -54 -54 -56 -58 -57 -57 -55 -55 -56 -52 -51 -50 -56 -55 -57 -57 -56 -55 -58 -65 -59 -64 -62 -64 -67 -71 -71 -66 -67 -67 -66 -68 -68 -64 -63 -66 -66 -66 -70 -72 -68 -65 -68 -66
-57 -59 -64 -62 -59 -58 -56 -60 -59 -63 -71 -69 -66 -70 -75 -70 -66 -62 -61 -62 -59 -57 -57 -55 -56 -57 -61 -64 -57 -50 -53 -46 -47 -52 -50 -48 -49 -44 -46 -49 -52 -52 -48 -46 -47 -47 -47 -49 -51 -52 -52 -57 -55 -54 -60 -58 -54 -57 -53 -54 -52 -53 -55 -52 -55 -52 -61 -61 -60 -65 -66 -58 -69 -62 -67 -68 -66 -65 -66 -67 -64 -67 -65 -63 -65 -67 -66 -70 -71 -70 -71 -64 -69 -70
-60 -64 -65 -62 -58 -59 -60 -61 -57 -63 -70 -73 -72 -75 -74 -69 -69 -65 -62 -61 -59 -57 -56 -55 -54 -52 -54 -55 -52 -49 -47 -46 -47 -50 -49 -48 -43 -50 -51 -52 -52 -46 -47 -49 -53 -53 -53 -50 -50 -51 -52 -55 -59 -60 -58 -61 -56 -57 -57 -56 -52 -52 -49 -51 -53 -53 -61 -55 -56 -62 -64 -63 -62 -61 -70 -69 -67 -67 -66 -64 -62 -64 -64 -62 -66 -70 -71 -72 -72 -73 -68 -64 -70 -71
-61 -62 -59 -59 -58 -60 -61 -62 -60 -62 -66 -73 -76 -76 -76 -70 -65 -61 -66 -61 -61 -56 -56 -56 -54 -54 -53 -51 -49 -46 -49 -53 -53 -51 -49 -49 -49 -44 -48 -51 -51 -50 -46 -51 -50 -53 -52 -52 -50 -50 -51 -52 -53 -54 -54 -54 -52 -51 -58 -55 -52 -50 -49 -52 -50 -53 -60 -55 -62 -65 -64 -62 -61 -68 -66 -70 -70 -70 -71 -69 -66 -63 -69 -67 -64 -69 -68 -67 -68 -68 -69 -70 -65 -69
-61 -67 -62 -60 -61 -60 -63 -64 -59 -61 -68 -74 -75 -75 -74 -74 -71 -64 -61 -64 -61 -56 -56 -57 -56 -57 -53 -52 -50 -50 -52 -51 -52 -50 -46 -49 -48 -44 -50 -52 -52 -47 -47 -49 -48 -53 -52 -50 -52 -52 -52 -52 -53 -52 -53 -50 -51 -53 -56 -53 -55 -50 -50 -52 -53 -54 -57 -55 -62 -67 -63 -62 -68 -67 -68 -71 -66 -65 -65 -66 -65 -67 -70 -69 -69 -64 -67 -71 -68 -72 -70 -71 -71 -67
-61 -68 -68 -63 -62 -64 -63 -60 -64 -61 -68 -75 -75 -73 -69 -66 -66 -62 -59 -63 -59 -59 -56 -57 -54 -58 -57 -51 -51 -54 -51 -54 -52 -49 -47 -45 -49 -44 -47 -48 -48 -45 -50 -48 -47 -48 -48 -50 -51 -51 -52 -52 -53 -53 -55 -51 -52 -52 -56 -54 -51 -52 -50 -51 -54 -55 -53 -60 -60 -64 -60 -62 -59 -66 -66 -69 -70 -68 -68 -69 -66 -69 -74 -74 -68 -72 -71 -70 -73 -74 -72 -72 -69 -68
-65 -64 -64 -61 -64 -60 -62 -64 -63 -62 -67 -73 -73 -74 -70 -66 -66 -59 -57 -61 -59 -57 -56 -58 -56 -55 -54 -54 -51 -49 -50 -51 -50 -48 -45 -52 -47 -45 -45 -45 -44 -46 -46 -49 -47 -46 -46 -47 -50 -51 -52 -49 -49 -55 -50 -50 -54 -52 -53 -54 -53 -51 -51 -52 -52 -53 -57 -57 -59 -59 -59 -57 -61 -68 -66 -73 -74 -74 -67 -66 -65 -77 -75 -72 -71 -72 -70 -73 -75 -75 -74 -74 -70 -74
-64 -67 -68 -63 -61 -63 -63 -70 -70 -63 -66 -69 -72 -74 -73 -69 -62 -58 -57 -56 -59 -56 -54 -56 -52 -54 -54 -52 -50 -48 -49 -48 -49 -45 -46 -48 -48 -47 -46 -48 -53 -53 -52 -52 -52 -51 -51 -49 -47 -48 -47 -47 -51 -52 -49 -54 -51 -53 -52 -54 -54 -50 -50 -51 -53 -54 -57 -56 -59 -56 -62 -66 -66 -72 -70 -68 -71 -76 -69 -64 -70 -75 -76 -72 -73 -71 -72 -76 -76 -77 -75 -72 -69 -72
-63 -66 -69 -64 -65 -68 -65 -72 -70 -62 -67 -75 -75 -74 -74 -70 -64 -59 -58 -55 -56 -59 -56 -52 -53 -54 -51 -52 -51 -49 -47 -48 -48 -48 -48 -49 -50 -47 -50 -46 -49 -49 -52 -53 -53 -52 -53 -49 -49 -49 -49 -48 -47 -48 -50 -52 -51 -52 -50 -51 -51 -50 -51 -52 -56 -58 -56 -54 -56 -61 -62 -68 -71 -68 -68 -70 -70 -76 -72 -71 -73 -72 -74 -75 -74 -76 -76 -76 -74 -77 -75 -72 -75 -71
-62 -62 -64 -69 -73 -73 -71 -69 -64 -63 -67 -74 -74 -73 -72 -67 -63 -58 -55 -54 -53 -55 -58 -55 -51 -50 -53 -55 -54 -51 -51 -50 -50 -50 -52 -51 -49 -48 -48 -47 -47 -46 -48 -53 -51 -51 -53 -54 -52 -53 -52 -52 -48 -49 -51 -49 -52 -53 -50 -50 -51 -53 -53 -53 -54 -55 -53 -58 -60 -59 -62 -69 -68 -63 -65 -69 -73 -73 -73 -68 -66 -73 -73 -71 -72 -71 -75 -77 -73 -71 -74 -72 -73 -75
-60 -61 -66 -76 -77 -75 -69 -65 -64 -64 -72 -77 -76 -74 -69 -67 -63 -58 -56 -55 -53 -54 -57 -55 -55 -50 -53 -54 -53 -51 -53 -52 -51 -51 -52 -51 -50 -50 -49 -47 -50 -52 -50 -49 -50 -51 -53 -54 -54 -53 -54 -52 -53 -48 -50 -50 -53 -52 -54 -53 -54 -57 -58 -57 -56 -53 -56 -57 -59 -64 -58 -61 -62 -64 -68 -73 -73 -70 -73 -71 -74 -77 -77 -75 -74 -76 -75 -71 -73 -72 -73 -70 -70 -73
-61 -63 -67 -70 -72 -73 -72 -69 -65 -68 -74 -76 -76 -74 -72 -67 -62 -58 -56 -54 -53 -51 -55 -59 -56 -52 -49 -52 -54 -54 -53 -51 -54 -54 -50 -53 -54 -50 -49 -48 -51 -52 -54 -49 -48 -50 -53 -53 -53 -54 -53 -54 -55 -49 -52 -52 -54 -57 -57 -56 -58 -60 -61 -58 -56 -55 -56 -56 -58 -65 -63 -66 -66 -68 -72 -73 -74 -68 -75 -75 -76 -78 -77 -74 -73 -75 -77 -73 -74 -73 -72 -72 -69 -73
-60 -65 -70 -73 -76 -70 -73 -72 -67 -74 -75 -74 -73 -73 -69 -67 -60 -57 -55 -54 -53 -51 -52 -55 -53 -52 -48 -53 -50 -53 -51 -52 -54 -53 -53 -54 -52 -52 -50 -49 -50 -52 -51 -49 -50 -49 -52 -50 -51 -52 -53 -52 -54 -53 -50 -53 -54 -54 -56 -59 -57 -58 -59 -58 -57 -56 -59 -61 -59 -59 -60 -64 -66 -68 -72 -73 -72 -69 -74 -72 -75 -77 -78 -76 -73 -77 -76 -74 -67 -74 -66 -74 -70 -68
-65 -61 -62 -67 -64 -69 -73 -73 -71 -73 -74 -71 -71 -66 -69 -62 -59 -57 -55 -53 -55 -54 -50 -51 -52 -49 -49 -48 -51 -49 -50 -49 -51 -50 -52 -52 -51 -51 -51 -50 -49 -50 -52 -55 -52 -54 -50 -53 -52 -54 -54 -55 -52 -51 -50 -53 -53 -53 -55 -57 -58 -58 -58 -60 -59 -58 -60 -60 -58 -58 -58 -58 -67 -64 -67 -67 -71 -66 -67 -69 -70 -74 -74 -76 -68 -76 -74 -74 -72 -66 -68 -71 -68 -63
-62 -59 -61 -62 -63 -66 -71 -73 -76 -77 -76 -74 -72 -70 -64 -60 -58 -55 -54 -54 -54 -55 -54 -50 -48 -48 -48 -48 -47 -47 -48 -47 -48 -48 -50 -49 -48 -49 -49 -49 -51 -52 -54 -54 -55 -52 -50 -50 -54 -54 -53 -55 -54 -53 -51 -51 -51 -54 -54 -56 -56 -59 -60 -61 -59 -59 -59 -58 -58 -57 -59 -60 -63 -62 -63 -62 -64 -64 -71 -75 -77 -71 -74 -70 -71 -75 -76 -75 -75 -71 -65 -64 -67 -63
-60 -58 -58 -59 -62 -64 -72 -72 -74 -75 -73 -71 -67 -69 -66 -61 -58 -59 -55 -55 -54 -55 -54 -53 -50 -48 -52 -52 -47 -46 -48 -47 -46 -48 -48 -48 -49 -49 -48 -49 -49 -51 -53 -54 -56 -52 -51 -50 -53 -56 -55 -54 -55 -54 -54 -55 -57 -54 -53 -53 -55 -57 -57 -57 -58 -57 -58 -57 -57 -58 -59 -60 -63 -61 -61 -63 -64 -66 -67 -71 -75 -70 -70 -74 -75 -75 -73 -73 -76 -68 -63 -64 -65 -64
-66 -59 -61 -62 -66 -65 -71 -68 -74 -73 -73 -70 -62 -61 -63 -62 -57 -55 -55 -55 -54 -55 -55 -51 -53 -49 -50 -51 -47 -46 -46 -48 -48 -49 -50 -49 -49 -48 -49 -49 -50 -50 -51 -49 -50 -52 -52 -50 -52 -56 -54 -55 -52 -54 -52 -54 -55 -59 -54 -53 -54 -55 -55 -55 -56 -57 -57 -57 -57 -58 -59 -59 -61 -60 -64 -65 -65 -65 -65 -66 -67 -64 -66 -66 -71 -75 -75 -70 -70 -70 -62 -62 -68 -65
-62 -63 -63 -60 -68 -68 -70 -67 -69 -67 -71 -69 -66 -60 -58 -56 -55 -55 -54 -54 -51 -53 -54 -58 -53 -52 -50 -51 -49 -46 -46 -46 -48 -48 -49 -50 -49 -49 -50 -50 -50 -51 -50 -49 -49 -48 -49 -51 -53 -56 -56 -53 -53 -53 -53 -54 -57 -57 -55 -53 -54 -54 -54 -55 -55 -56 -56 -55 -57 -59 -60 -60 -60 -60 -62 -63 -63 -63 -63 -64 -63 -64 -62 -65 -71 -73 -73 -64 -65 -68 -68 -65 -67 -62
-60 -63 -64 -66 -71 -74 -72 -66 -63 -62 -67 -65 -64 -61 -55 -55 -54 -53 -53 -51 -53 -52 -52 -54 -54 -51 -49 -49 -46 -46 -47 -48 -50 -51 -50 -49 -49 -51 -50 -50 -50 -50 -50 -51 -50 -48 -48 -49 -51 -53 -56 -55 -53 -53 -55 -55 -55 -55 -57 -56 -56 -54 -56 -54 -54 -55 -55 -57 -57 -58 -59 -59 -60 -60 -62 -63 -64 -60 -61 -62 -65 -64 -61 -63 -62 -65 -66 -65 -66 -69 -65 -65 -62 -63
-62 -67 -70 -71 -66 -70 -66 -61 -61 -58 -59 -59 -56 -55 -54 -54 -54 -54 -55 -53 -52 -50 -50 -52 -50 -51 -52 -49 -47 -45 -46 -48 -50 -50 -49 -49 -50 -49 -49 -49 -50 -50 -49 -49 -48 -48 -48 -48 -50 -52 -62 -58 -54 -54 -54 -55 -55 -55 -55 -55 -56 -56 -58 -58 -57 -56 -57 -57 -60 -61 -60 -59 -60 -60 -62 -62 -65 -61 -60 -60 -63 -63 -60 -63 -63 -63 -62 -64 -66 -70 -65 -64 -66 -61
-67 -74 -72 -69 -65 -63 -63 -61 -58 -57 -56 -54 -54 -54 -54 -53 -55 -54 -53 -53 -53 -52 -49 -51 -49 -50 -51 -48 -46 -45 -47 -49 -49 -49 -48 -49 -49 -50 -51 -49 -50 -50 -49 -50 -49 -48 -47 -48 -49 -50 -53 -51 -52 -51 -52 -55 -53 -54 -53 -54 -56 -55 -56 -58 -58 -56 -56 -59 -59 -61 -61 -62 -59 -63 -61 -60 -62 -63 -61 -58 -59 -60 -61 -60 -63 -63 -61 -62 -62 -65 -65 -64 -65 -61
-69 -63 -65 -64 -63 -70 -68 -62 -57 -57 -53 -55 -55 -54 -51 -52 -55 -56 -54 -52 -51 -50 -49 -48 -49 -50 -47 -47 -46 -49 -48 -49 -49 -49 -51 -51 -52 -52 -51 -51 -50 -49 -49 -49 -49 -48 -48 -50 -50 -56 -60 -54 -51 -50 -51 -54 -52 -52 -52 -53 -55 -55 -57 -58 -58 -57 -56 -57 -57 -58 -59 -61 -63 -61 -63 -60 -62 -61 -61 -59 -59 -59 -61 -57 -58 -58 -60 -61 -61 -64 -64 -61 -65 -58
-66 -63 -61 -62 -63 -65 -66 -62 -60 -57 -56 -60 -55 -54 -51 -50 -52 -51 -53 -51 -49 -49 -48 -50 -47 -49 -47 -46 -49 -50 -48 -47 -48 -49 -51 -51 -52 -52 -52 -50 -49 -49 -48 -49 -49 -48 -48 -49 -50 -58 -62 -54 -51 -50 -52 -51 -52 -53 -52 -52 -52 -53 -54 -55 -57 -57 -59 -58 -58 -60 -60 -60 -61 -63 -60 -62 -59 -62 -62 -58 -57 -59 -57 -60 -61 -59 -59 -61 -62 -57 -56 -59 -60 -60
-63 -59 -57 -59 -62 -63 -66 -72 -67 -64 -64 -61 -55 -53 -55 -50 -50 -54 -54 -51 -49 -51 -49 -48 -47 -46 -46 -46 -49 -50 -50 -50 -49 -48 -50 -52 -52 -51 -50 -50 -49 -48 -48 -48 -48 -48 -48 -48 -49 -54 -53 -51 -50 -51 -50 -51 -52 -53 -53 -52 -52 -52 -54 -54 -56 -57 -57 -58 -59 -60 -61 -60 -60 -61 -61 -61 -58 -61 -62 -59 -57 -59 -56 -58 -61 -61 -58 -57 -55 -56 -55 -56 -58 -62
-59 -57 -61 -61 -65 -66 -71 -76 -68 -63 -62 -58 -53 -52 -53 -53 -52 -50 -53 -53 -52 -49 -48 -47 -47 -46 -46 -50 -48 -49 -50 -50 -50 -50 -50 -52 -50 -49 -49 -50 -48 -48 -48 -48 -48 -48 -50 -49 -49 -49 -50 -50 -49 -50 -51 -51 -51 -52 -52 -53 -53 -52 -51 -53 -54 -55 -55 -55 -56 -59 -60 -61 -62 -63 -63 -58 -62 -62 -61 -61 -57 -57 -56 -58 -59 -57 -60 -56 -55 -55 -55 -55 -55 -55
-56 -60 -64 -64 -63 -62 -68 -69 -63 -58 -58 -60 -58 -57 -56 -51 -51 -49 -49 -52 -50 -48 -48 -48 -48 -49 -46 -48 -47 -49 -49 -48 -49 -49 -50 -52 -50 -52 -48 -49 -50 -50 -49 -48 -48 -49 -51 -51 -50 -50 -49 -49 -49 -51 -50 -51 -52 -52 -52 -52 -52 -51 -52 -52 -53 -53 -54 -55 -56 -55 -56 -58 -59 -60 -62 -60 -61 -56 -59 -61 -59 -56 -56 -56 -59 -60 -56 -56 -55 -55 -55 -54 -54 -54
-55 -63 -61 -70 -65 -58 -58 -60 -58 -57 -58 -53 -59 -55 -52 -53 -52 -49 -49 -47 -49 -48 -48 -47 -49 -49 -48 -46 -46 -45 -46 -47 -47 -49 -51 -50 -49 -51 -48 -49 -50 -50 -50 -49 -50 -52 -50 -51 -51 -50 -49 -50 -51 -51 -53 -54 -51 -52 -51 -53 -53 -52 -52 -52 -52 -52 -53 -52 -53 -55 -55 -56 -57 -58 -60 -62 -58 -61 -57 -60 -60 -57 -54 -58 -59 -59 -55 -54 -54 -53 -54 -54 -54 -54
-56 -57 -63 -70 -71 -63 -56 -53 -56 -56 -53 -52 -55 -58 -56 -55 -54 -51 -49 -51 -48 -46 -47 -47 -46 -48 -46 -48 -47 -50 -48 -48 -48 -49 -50 -49 -47 -50 -50 -51 -50 -49 -49 -48 -50 -50 -51 -53 -51 -50 -51 -51 -52 -53 -52 -54 -53 -52 -52 -52 -53 -52 -53 -52 -52 -52 -52 -52 -53 -53 -54 -54 -56 -57 -59 -60 -61 -57 -57 -61 -58 -58 -54 -59 -58 -58 -55 -54 -53 -54 -60 -53 -54 -54
-58 -61 -61 -64 -69 -68 -59 -56 -52 -53 -56 -53 -52 -55 -55 -54 -53 -52 -49 -48 -49 -47 -46 -46 -46 -45 -48 -49 -49 -51 -49 -46 -46 -46 -48 -49 -50 -51 -51 -50 -49 -48 -48 -48 -50 -50 -51 -53 -52 -50 -50 -52 -51 -51 -52 -51 -52 -53 -52 -53 -56 -55 -55 -54 -52 -52 -51 -52 -52 -54 -54 -54 -55 -56 -56 -59 -59 -60 -57 -61 -57 -60 -57 -59 -59 -54 -54 -54 -54 -54 -54 -54 -54 -54
-56 -58 -63 -70 -64 -61 -57 -56 -53 -51 -53 -55 -49 -54 -49 -56 -51 -52 -51 -49 -48 -48 -47 -46 -46 -49 -50 -48 -50 -50 -48 -48 -47 -46 -46 -47 -49 -50 -50 -49 -48 -48 -48 -50 -51 -52 -51 -51 -50 -50 -50 -53 -53 -52 -52 -51 -52 -53 -53 -51 -52 -55 -54 -55 -53 -52 -52 -52 -53 -54 -54 -54 -55 -54 -55 -56 -56 -57 -56 -58 -57 -58 -55 -57 -55 -53 -53 -53 -54 -54 -53 -53 -54 -54
-63 -66 -67 -70 -61 -55 -55 -53 -52 -53 -51 -55 -53 -48 -51 -55 -51 -51 -50 -51 -49 -48 -45 -45 -46 -47 -50 -51 -52 -50 -49 -48 -48 -48 -47 -48 -47 -49 -49 -48 -48 -49 -49 -49 -49 -49 -49 -49 -49 -50 -50 -52 -53 -53 -52 -51 -51 -51 -53 -51 -54 -54 -53 -54 -54 -52 -51 -52 -53 -54 -54 -53 -53 -55 -55 -55 -55 -56 -55 -56 -56 -55 -54 -54 -55 -59 -55 -54 -54 -54 -53 -53 -53 -54
-62 -66 -69 -69 -60 -55 -52 -51 -50 -49 -48 -49 -51 -53 -48 -54 -50 -48 -51 -51 -49 -46 -45 -46 -47 -48 -48 -50 -51 -52 -51 -51 -48 -49 -49 -48 -49 -49 -47 -48 -48 -48 -48 -48 -49 -50 -50 -51 -49 -49 -50 -51 -51 -51 -51 -51 -51 -51 -51 -51 -50 -52 -53 -54 -54 -51 -52 -53 -53 -56 -54 -54 -54 -54 -54 -54 -55 -55 -55 -55 -55 -55 -54 -54 -54 -57 -57 -57 -54 -54 -53 -53 -53 -54
-60 -60 -61 -67 -61 -58 -56 -51 -52 -51 -50 -52 -48 -48 -49 -51 -45 -46 -45 -46 -45 -46 -45 -46 -48 -49 -50 -52 -52 -51 -51 -51 -51 -50 -49 -48 -47 -47 -47 -48 -48 -49 -48 -48 -48 -48 -52 -51 -49 -49 -49 -50 -51 -51 -51 -51 -50 -51 -51 -52 -51 -53 -53 -54 -53 -53 -53 -52 -53 -55 -56 -55 -55 -56 -55 -55 -55 -55 -55 -55 -55 -55 -55 -55 -55 -57 -57 -57 -58 -57 -56 -53 -53 -54
-57 -57 -61 -66 -58 -56 -54 -52 -53 -52 -52 -54 -52 -52 -45 -46 -45 -48 -49 -48 -46 -45 -46 -46 -49 -50 -51 -51 -52 -50 -51 -51 -50 -50 -51 -49 -49 -49 -48 -49 -49 -49 -49 -48 -48 -49 -49 -49 -49 -49 -50 -52 -52 -52 -49 -50 -51 -53 -53 -51 -51 -51 -52 -54 -54 -54 -53 -54 -56 -56 -56 -55 -57 -55 -57 -55 -55 -55 -55 -54 -54 -54 -54 -55 -57 -55 -55 -56 -55 -54 -54 -54 -52 -52
-55 -54 -59 -59 -57 -53 -53 -52 -51 -51 -51 -54 -50 -45 -45 -45 -49 -51 -52 -50 -48 -46 -49 -48 -49 -51 -51 -51 -50 -49 -49 -49 -49 -49 -49 -48 -48 -49 -48 -52 -50 -50 -49 -49 -49 -50 -50 -49 -49 -52 -53 -52 -52 -52 -51 -51 -52 -54 -53 -52 -51 -50 -51 -52 -54 -54 -51 -54 -54 -56 -55 -55 -57 -57 -57 -58 -56 -55 -55 -55 -58 -56 -56 -56 -57 -57 -57 -55 -55 -54 -54 -56 -55 -51
-57 -53 -57 -55 -57 -57 -56 -51 -49 -50 -49 -51 -51 -45 -47 -51 -51 -53 -52 -50 -48 -47 -45 -49 -50 -51 -50 -51 -50 -48 -48 -48 -48 -49 -49 -48 -48 -49 -48 -51 -53 -51 -50 -50 -50 -50 -50 -49 -49 -51 -52 -53 -52 -51 -51 -51 -51 -51 -51 -52 -53 -50 -51 -51 -54 -53 -51 -53 -54 -56 -55 -54 -55 -57 -56 -56 -57 -55 -57 -60 -59 -57 -57 -57 -55 -57 -57 -55 -55 -56 -56 -55 -54 -53
