analysis/data/raw_data/dwd_gridded/monthly_air_temperature_min_01_Jan_grids_germany_monthly_air_temp_min_190701.asc
NCOLS 654
NROWS 866
XLLCORNER 3280414.711633467
YLLCORNER 5237500.62890625
CELLSIZE 1000
NODATA_VALUE -999
[rows 420 to 461 of 866, columns 190 to 284 of 654]
-52 -56 -49 -43 -46 -44 -42 -39 -40 -38 -36 -35 -32 -33 -32 -32 -32 -29 -28 -27 -26 -27 -28 -28 -25 -24 -24 -26 -24 -25 -29 -26 -26 -29 -27 -28 -27 -25 -26 -23 -23 -24 -24 -24 -22 -24 -23 -25 -25 -26 -24 -24 -26 -24 -22 -23 -21 -21 -18 -15 -14 -14 -14 -13 -14 -14 -14 -15 -16 -16 -16 -16 -16 -17 -18 -22 -25 -29 -27 -31 -30 -27 -29 -30 -31 -29 -31 -25 -17 -21 -29 -20 -16 -26 -23
-54 -54 -52 -50 -46 -44 -49 -43 -40 -38 -36 -32 -32 -29 -33 -34 -33 -28 -27 -27 -27 -27 -27 -26 -24 -24 -23 -24 -25 -26 -27 -29 -29 -29 -28 -28 -27 -25 -25 -29 -24 -24 -23 -23 -23 -23 -23 -24 -25 -24 -24 -28 -29 -24 -22 -20 -19 -19 -19 -16 -14 -14 -16 -15 -14 -14 -14 -16 -16 -16 -17 -17 -19 -20 -22 -20 -20 -23 -28 -29 -30 -29 -29 -31 -29 -25 -29 -20 -21 -23 -26 -21 -21 -22 -23
-52 -51 -45 -49 -50 -48 -49 -40 -36 -36 -33 -34 -30 -30 -32 -35 -30 -29 -27 -27 -26 -26 -26 -26 -25 -23 -24 -24 -26 -27 -30 -28 -29 -29 -29 -29 -27 -26 -26 -25 -23 -23 -23 -22 -23 -23 -25 -25 -23 -24 -25 -27 -30 -25 -22 -19 -19 -18 -19 -17 -16 -15 -16 -16 -14 -16 -17 -17 -17 -17 -19 -21 -22 -23 -25 -25 -21 -21 -22 -23 -25 -25 -26 -27 -25 -22 -24 -20 -26 -30 -23 -23 -22 -23 -22
-54 -47 -47 -52 -43 -37 -36 -37 -32 -32 -33 -30 -31 -30 -29 -32 -30 -32 -27 -26 -27 -26 -26 -26 -24 -24 -25 -24 -26 -27 -27 -26 -26 -25 -27 -29 -28 -28 -25 -25 -23 -23 -22 -26 -24 -23 -23 -24 -22 -22 -26 -25 -27 -27 -23 -20 -19 -18 -17 -16 -18 -18 -17 -17 -14 -18 -21 -20 -19 -21 -23 -25 -25 -26 -28 -31 -28 -19 -26 -25 -25 -27 -29 -25 -25 -28 -23 -21 -27 -30 -25 -23 -22 -20 -21
-45 -54 -49 -47 -39 -41 -34 -32 -34 -31 -33 -30 -33 -30 -28 -31 -32 -34 -26 -25 -26 -26 -24 -27 -24 -25 -25 -23 -26 -27 -27 -26 -24 -24 -25 -25 -27 -27 -25 -24 -23 -23 -22 -25 -25 -24 -22 -22 -22 -24 -23 -23 -26 -31 -24 -20 -18 -18 -18 -17 -18 -18 -16 -16 -15 -21 -23 -22 -21 -22 -24 -25 -25 -29 -27 -30 -27 -21 -22 -22 -29 -32 -35 -28 -28 -30 -24 -23 -31 -27 -31 -26 -21 -19 -21
-47 -46 -49 -47 -40 -37 -39 -34 -33 -32 -35 -33 -30 -27 -29 -31 -31 -30 -26 -25 -25 -24 -25 -27 -25 -25 -25 -22 -26 -25 -24 -25 -24 -23 -25 -24 -24 -28 -26 -25 -26 -23 -21 -23 -23 -27 -23 -21 -26 -23 -21 -23 -26 -27 -23 -20 -19 -18 -19 -17 -18 -18 -15 -17 -19 -23 -24 -25 -22 -21 -23 -26 -28 -29 -28 -25 -21 -27 -29 -29 -27 -29 -28 -27 -26 -26 -23 -26 -32 -34 -27 -26 -22 -19 -19
-44 -45 -42 -41 -39 -35 -37 -37 -38 -34 -31 -31 -31 -29 -35 -31 -30 -30 -26 -25 -27 -25 -27 -28 -27 -25 -26 -25 -25 -24 -23 -25 -25 -26 -24 -23 -24 -26 -28 -28 -27 -25 -22 -21 -23 -23 -25 -21 -21 -22 -21 -21 -24 -23 -26 -19 -19 -18 -18 -19 -18 -17 -15 -17 -18 -21 -26 -26 -26 -25 -24 -27 -30 -28 -26 -23 -22 -29 -28 -27 -28 -30 -31 -27 -28 -26 -25 -29 -38 -42 -34 -26 -22 -19 -21
-46 -42 -44 -42 -38 -41 -35 -32 -32 -32 -33 -30 -28 -27 -30 -31 -30 -29 -26 -26 -27 -27 -25 -28 -26 -25 -25 -26 -24 -24 -22 -21 -27 -26 -24 -23 -23 -27 -30 -29 -27 -25 -23 -22 -22 -23 -22 -20 -19 -20 -20 -21 -21 -22 -21 -20 -18 -18 -18 -18 -18 -16 -17 -19 -19 -20 -24 -24 -27 -30 -27 -28 -30 -27 -27 -25 -25 -24 -27 -28 -27 -30 -29 -27 -28 -26 -32 -34 -40 -42 -40 -29 -25 -23 -22
-39 -44 -50 -42 -34 -35 -34 -31 -31 -30 -30 -30 -27 -26 -31 -30 -29 -28 -27 -28 -26 -28 -26 -27 -27 -24 -25 -26 -26 -22 -23 -25 -24 -24 -24 -24 -22 -26 -27 -29 -29 -26 -24 -21 -20 -23 -26 -21 -20 -20 -20 -20 -20 -20 -21 -18 -19 -18 -18 -18 -17 -16 -16 -17 -20 -19 -22 -26 -26 -27 -26 -27 -29 -25 -27 -26 -27 -24 -24 -25 -26 -27 -26 -26 -27 -28 -29 -32 -40 -41 -36 -27 -24 -24 -22
-48 -42 -45 -43 -39 -32 -30 -33 -29 -29 -29 -28 -28 -29 -31 -29 -28 -28 -27 -28 -27 -24 -28 -28 -26 -23 -23 -24 -26 -22 -26 -24 -23 -20 -24 -20 -25 -26 -24 -26 -27 -28 -25 -26 -20 -24 -24 -21 -20 -18 -18 -19 -19 -20 -24 -20 -19 -19 -19 -18 -18 -15 -16 -17 -21 -22 -21 -23 -26 -24 -25 -24 -22 -25 -24 -25 -25 -25 -26 -26 -27 -26 -26 -24 -25 -30 -28 -32 -36 -41 -28 -26 -24 -23 -23
-38 -39 -40 -38 -34 -32 -29 -30 -30 -29 -27 -27 -28 -28 -31 -29 -27 -28 -30 -27 -28 -23 -26 -22 -25 -24 -24 -26 -26 -23 -20 -21 -21 -21 -24 -23 -24 -24 -23 -26 -26 -27 -25 -23 -21 -23 -27 -23 -21 -20 -19 -21 -21 -21 -22 -21 -24 -20 -18 -18 -17 -19 -18 -17 -18 -23 -20 -25 -23 -21 -20 -23 -28 -30 -25 -28 -28 -28 -30 -28 -27 -28 -28 -27 -25 -28 -28 -28 -29 -35 -28 -27 -28 -23 -24
-37 -35 -36 -30 -36 -35 -30 -28 -29 -27 -26 -26 -28 -32 -29 -30 -27 -28 -31 -31 -29 -23 -21 -25 -21 -24 -20 -26 -20 -20 -21 -21 -24 -19 -27 -20 -21 -22 -21 -24 -24 -25 -24 -23 -22 -21 -24 -23 -20 -20 -20 -20 -21 -21 -21 -20 -20 -19 -19 -20 -17 -17 -20 -17 -17 -20 -21 -23 -21 -26 -25 -27 -27 -29 -30 -31 -30 -30 -34 -30 -28 -28 -28 -26 -26 -25 -23 -27 -25 -27 -27 -26 -27 -24 -23
-46 -46 -38 -39 -31 -32 -29 -29 -30 -27 -25 -27 -26 -29 -30 -29 -27 -29 -32 -31 -30 -21 -24 -26 -26 -20 -21 -22 -24 -21 -20 -26 -22 -20 -24 -21 -20 -20 -20 -21 -23 -25 -25 -24 -22 -20 -22 -22 -20 -21 -20 -20 -19 -19 -20 -19 -20 -21 -20 -19 -19 -18 -20 -18 -18 -17 -21 -19 -24 -27 -27 -29 -27 -27 -31 -28 -28 -30 -32 -30 -29 -29 -29 -28 -28 -26 -26 -23 -26 -25 -25 -26 -28 -30 -23
-43 -43 -48 -39 -35 -34 -29 -32 -30 -28 -27 -27 -27 -28 -30 -28 -28 -26 -27 -29 -28 -25 -21 -29 -29 -29 -29 -23 -23 -24 -26 -32 -24 -19 -19 -19 -19 -19 -19 -19 -22 -26 -23 -26 -22 -20 -22 -21 -20 -20 -19 -19 -20 -19 -18 -18 -19 -19 -20 -19 -16 -21 -22 -23 -25 -19 -17 -19 -19 -21 -25 -28 -23 -28 -28 -25 -32 -33 -30 -26 -30 -31 -29 -29 -34 -28 -25 -27 -23 -23 -26 -22 -24 -28 -27
-41 -41 -42 -34 -33 -33 -34 -29 -30 -30 -28 -25 -26 -24 -27 -27 -25 -23 -22 -27 -27 -26 -22 -25 -26 -30 -29 -24 -27 -27 -32 -32 -28 -26 -23 -25 -23 -22 -20 -18 -19 -23 -22 -24 -24 -20 -26 -22 -21 -20 -20 -19 -19 -19 -19 -18 -18 -19 -19 -17 -17 -19 -23 -23 -21 -22 -25 -17 -17 -24 -27 -27 -23 -28 -25 -30 -33 -27 -26 -28 -31 -28 -31 -32 -32 -29 -29 -27 -29 -26 -22 -23 -23 -23 -23
-33 -38 -41 -35 -33 -30 -28 -29 -28 -27 -26 -27 -26 -27 -24 -28 -23 -28 -23 -25 -25 -21 -24 -24 -32 -31 -26 -30 -29 -32 -33 -35 -31 -23 -23 -20 -20 -21 -21 -19 -18 -19 -20 -25 -25 -20 -21 -24 -22 -21 -21 -21 -20 -20 -20 -20 -20 -19 -19 -18 -17 -18 -19 -22 -23 -23 -23 -22 -18 -22 -27 -22 -22 -22 -27 -33 -29 -24 -30 -29 -27 -29 -29 -32 -32 -31 -30 -31 -28 -25 -21 -24 -27 -24 -22
-33 -38 -33 -35 -34 -35 -32 -30 -27 -26 -27 -25 -27 -30 -27 -28 -26 -27 -23 -25 -29 -22 -26 -27 -31 -32 -32 -24 -35 -29 -27 -24 -28 -22 -22 -24 -24 -24 -22 -21 -20 -20 -20 -20 -23 -22 -19 -21 -21 -20 -21 -21 -21 -21 -21 -21 -21 -20 -19 -18 -18 -21 -23 -21 -23 -24 -21 -17 -20 -23 -20 -25 -27 -28 -31 -26 -23 -27 -32 -24 -27 -27 -28 -26 -29 -27 -27 -28 -27 -24 -23 -29 -28 -27 -21
-33 -37 -30 -33 -32 -29 -29 -30 -27 -25 -28 -28 -27 -26 -27 -28 -27 -26 -26 -24 -21 -27 -28 -23 -27 -31 -32 -38 -36 -27 -24 -28 -27 -23 -27 -26 -26 -24 -23 -23 -22 -20 -20 -19 -19 -19 -19 -19 -19 -19 -19 -20 -20 -20 -20 -21 -21 -20 -18 -18 -20 -22 -24 -22 -25 -23 -20 -17 -21 -21 -24 -27 -28 -27 -28 -23 -22 -29 -30 -24 -30 -28 -26 -27 -28 -27 -28 -27 -25 -23 -24 -27 -25 -23 -23
-42 -35 -30 -31 -30 -32 -29 -30 -29 -26 -24 -26 -26 -26 -25 -25 -26 -25 -23 -23 -22 -24 -28 -25 -28 -32 -33 -34 -27 -28 -30 -24 -27 -26 -26 -30 -27 -23 -20 -21 -21 -24 -24 -22 -21 -23 -21 -19 -19 -19 -19 -18 -18 -19 -19 -19 -20 -18 -18 -19 -21 -21 -23 -23 -25 -24 -21 -24 -24 -25 -26 -24 -24 -26 -24 -21 -24 -26 -26 -27 -26 -25 -26 -27 -30 -28 -25 -25 -26 -25 -26 -27 -23 -24 -26
-35 -35 -29 -28 -29 -28 -29 -27 -27 -27 -28 -27 -29 -24 -24 -24 -26 -24 -25 -21 -26 -24 -28 -27 -27 -29 -35 -30 -27 -31 -27 -24 -28 -26 -25 -25 -25 -23 -24 -24 -24 -26 -26 -23 -24 -24 -24 -21 -20 -20 -20 -19 -19 -19 -19 -19 -19 -19 -21 -26 -23 -22 -24 -25 -28 -23 -24 -18 -19 -19 -21 -20 -20 -22 -22 -25 -24 -23 -22 -23 -24 -26 -27 -28 -29 -27 -25 -26 -27 -27 -29 -28 -28 -23 -25
-42 -36 -34 -30 -27 -30 -26 -32 -29 -29 -31 -30 -28 -26 -23 -24 -24 -22 -22 -24 -29 -29 -27 -28 -29 -30 -33 -28 -31 -31 -28 -25 -29 -28 -29 -29 -26 -25 -26 -24 -24 -27 -27 -26 -28 -26 -23 -22 -20 -20 -20 -20 -19 -19 -19 -19 -19 -22 -24 -24 -25 -23 -23 -25 -27 -26 -22 -20 -22 -23 -23 -28 -23 -29 -25 -27 -27 -28 -25 -25 -27 -27 -28 -31 -30 -29 -26 -27 -28 -27 -26 -27 -27 -28 -25
-35 -32 -34 -29 -31 -27 -30 -31 -30 -31 -31 -26 -26 -24 -24 -23 -25 -23 -22 -27 -28 -29 -28 -27 -29 -31 -32 -31 -33 -33 -30 -30 -29 -27 -29 -28 -28 -26 -27 -25 -26 -30 -29 -28 -28 -27 -25 -22 -22 -22 -21 -20 -20 -20 -19 -19 -22 -28 -26 -25 -25 -24 -23 -23 -25 -22 -20 -19 -19 -26 -31 -31 -31 -27 -26 -29 -31 -30 -26 -26 -26 -29 -28 -30 -31 -29 -28 -29 -28 -29 -27 -26 -28 -30 -25
-34 -35 -30 -32 -30 -29 -31 -30 -30 -27 -29 -28 -28 -27 -24 -22 -23 -22 -26 -25 -26 -27 -26 -27 -33 -31 -33 -30 -38 -34 -33 -33 -31 -32 -30 -30 -29 -28 -27 -28 -27 -28 -26 -29 -25 -28 -26 -23 -23 -22 -22 -23 -22 -19 -19 -20 -24 -26 -26 -27 -25 -25 -24 -24 -24 -24 -23 -22 -19 -27 -27 -26 -28 -23 -25 -29 -33 -28 -28 -27 -28 -28 -28 -30 -31 -32 -30 -29 -27 -26 -27 -26 -27 -25 -25
-35 -35 -33 -31 -28 -31 -31 -31 -30 -28 -30 -30 -25 -24 -26 -25 -22 -22 -23 -25 -26 -28 -27 -28 -31 -34 -35 -32 -31 -35 -37 -35 -32 -34 -33 -31 -32 -29 -28 -29 -29 -25 -23 -24 -25 -25 -22 -21 -21 -22 -23 -23 -22 -20 -20 -21 -21 -24 -26 -27 -28 -28 -26 -27 -29 -28 -21 -25 -21 -20 -21 -22 -24 -23 -30 -30 -30 -29 -28 -26 -29 -30 -32 -29 -29 -30 -29 -28 -27 -25 -24 -26 -25 -25 -25
-34 -36 -32 -30 -32 -28 -31 -30 -28 -30 -26 -28 -25 -24 -24 -22 -23 -24 -26 -26 -26 -28 -28 -28 -29 -34 -31 -33 -34 -35 -37 -39 -34 -34 -34 -34 -32 -29 -31 -29 -28 -25 -22 -22 -21 -21 -20 -21 -21 -21 -21 -21 -21 -21 -22 -21 -22 -25 -29 -30 -29 -29 -28 -28 -27 -26 -26 -30 -24 -23 -20 -20 -20 -22 -22 -24 -26 -28 -28 -25 -29 -31 -31 -28 -30 -29 -28 -26 -27 -26 -25 -24 -26 -25 -25
-28 -33 -31 -32 -27 -31 -28 -28 -29 -29 -27 -24 -24 -24 -22 -22 -24 -24 -24 -25 -27 -29 -28 -28 -30 -28 -33 -31 -33 -34 -34 -38 -34 -31 -30 -35 -33 -29 -28 -28 -24 -24 -22 -21 -25 -22 -21 -22 -21 -21 -21 -21 -21 -21 -24 -23 -21 -23 -26 -28 -31 -28 -28 -25 -25 -24 -30 -31 -27 -29 -25 -22 -22 -20 -22 -20 -23 -24 -23 -28 -26 -30 -27 -26 -27 -30 -27 -27 -25 -24 -24 -24 -26 -24 -28
-30 -27 -25 -31 -28 -31 -28 -25 -28 -27 -25 -24 -23 -22 -24 -23 -23 -23 -26 -27 -28 -29 -29 -28 -30 -26 -29 -30 -31 -31 -30 -33 -31 -30 -29 -31 -27 -26 -26 -30 -25 -23 -21 -25 -29 -26 -24 -23 -21 -22 -22 -23 -23 -23 -25 -22 -23 -23 -24 -30 -30 -30 -31 -28 -29 -26 -27 -29 -31 -28 -25 -27 -26 -21 -20 -21 -22 -22 -27 -26 -29 -31 -27 -25 -27 -30 -28 -27 -27 -26 -25 -25 -28 -25 -24
-26 -28 -28 -25 -26 -26 -26 -25 -26 -25 -25 -23 -23 -24 -25 -24 -23 -25 -27 -30 -30 -29 -28 -28 -29 -28 -26 -26 -30 -31 -34 -36 -32 -32 -33 -29 -30 -32 -34 -28 -24 -24 -23 -22 -28 -25 -24 -22 -22 -25 -23 -23 -24 -23 -25 -22 -23 -24 -27 -30 -27 -31 -32 -28 -28 -27 -25 -28 -30 -29 -25 -31 -27 -24 -24 -22 -21 -23 -24 -25 -31 -30 -27 -24 -25 -30 -31 -30 -30 -29 -27 -28 -25 -27 -28
-27 -28 -25 -25 -28 -25 -25 -25 -24 -23 -23 -24 -25 -27 -25 -25 -24 -27 -27 -28 -29 -28 -26 -25 -26 -25 -26 -28 -29 -31 -35 -34 -33 -37 -30 -31 -38 -38 -34 -28 -26 -25 -24 -22 -25 -26 -23 -23 -23 -24 -26 -23 -24 -23 -24 -23 -24 -24 -24 -24 -28 -31 -30 -29 -28 -27 -27 -28 -30 -29 -29 -31 -26 -26 -22 -26 -21 -21 -23 -27 -27 -30 -29 -25 -27 -29 -28 -27 -28 -28 -29 -28 -28 -30 -27
-27 -25 -26 -28 -25 -24 -24 -24 -23 -25 -24 -25 -27 -27 -26 -24 -26 -27 -28 -29 -29 -29 -28 -26 -25 -24 -26 -25 -30 -34 -39 -33 -31 -33 -35 -40 -38 -33 -29 -26 -27 -24 -25 -22 -26 -25 -23 -23 -22 -24 -24 -26 -25 -24 -25 -23 -23 -25 -26 -25 -26 -30 -30 -30 -31 -30 -26 -29 -34 -31 -27 -30 -29 -24 -24 -27 -22 -21 -22 -26 -31 -31 -27 -25 -25 -29 -28 -25 -29 -29 -31 -29 -30 -29 -27
-26 -30 -31 -29 -28 -27 -26 -25 -27 -26 -27 -26 -26 -28 -28 -27 -29 -28 -29 -29 -29 -29 -28 -27 -26 -25 -25 -25 -27 -29 -37 -34 -29 -31 -35 -40 -35 -29 -28 -25 -26 -23 -23 -23 -23 -25 -23 -22 -22 -23 -23 -25 -25 -26 -24 -23 -25 -28 -29 -30 -29 -26 -26 -28 -33 -33 -30 -29 -33 -31 -31 -32 -32 -26 -26 -27 -24 -21 -23 -26 -24 -29 -28 -23 -26 -29 -26 -27 -29 -29 -29 -29 -31 -30 -27
-26 -33 -36 -30 -28 -26 -26 -27 -26 -24 -26 -23 -26 -27 -26 -27 -28 -26 -29 -28 -28 -27 -27 -28 -27 -25 -26 -24 -26 -32 -33 -31 -29 -28 -35 -32 -29 -27 -25 -24 -24 -25 -27 -24 -26 -24 -23 -22 -22 -23 -26 -25 -24 -25 -24 -25 -26 -32 -29 -30 -33 -33 -27 -29 -32 -32 -30 -28 -30 -33 -32 -33 -30 -33 -28 -29 -31 -25 -23 -22 -21 -23 -24 -22 -26 -27 -24 -26 -28 -28 -28 -30 -29 -31 -29
-26 -26 -31 -28 -24 -25 -27 -26 -25 -25 -23 -23 -24 -24 -27 -27 -28 -28 -28 -27 -26 -28 -26 -25 -28 -26 -23 -25 -25 -28 -28 -34 -35 -28 -28 -26 -26 -24 -25 -23 -25 -27 -27 -24 -24 -25 -23 -23 -23 -23 -24 -25 -24 -25 -25 -25 -27 -26 -28 -29 -31 -32 -27 -31 -33 -36 -30 -34 -32 -31 -33 -36 -36 -30 -30 -31 -28 -26 -28 -27 -24 -22 -21 -22 -24 -27 -24 -27 -24 -27 -28 -26 -27 -30 -31
-32 -28 -29 -29 -25 -23 -25 -25 -23 -25 -23 -22 -24 -24 -26 -26 -28 -28 -28 -25 -27 -27 -28 -26 -24 -26 -27 -23 -24 -26 -28 -35 -35 -28 -26 -27 -26 -26 -24 -26 -27 -28 -28 -26 -25 -24 -23 -24 -24 -24 -27 -26 -25 -34 -26 -27 -29 -34 -32 -29 -32 -34 -28 -35 -35 -34 -31 -32 -37 -33 -32 -34 -32 -34 -36 -33 -29 -27 -26 -27 -23 -22 -22 -22 -22 -24 -27 -23 -27 -28 -26 -25 -26 -28 -30
-30 -31 -30 -29 -24 -23 -23 -22 -22 -24 -22 -24 -28 -25 -26 -26 -26 -25 -27 -25 -24 -25 -26 -27 -26 -25 -24 -24 -26 -28 -27 -30 -29 -26 -28 -30 -28 -25 -26 -25 -28 -28 -27 -24 -24 -25 -25 -25 -26 -26 -26 -26 -25 -27 -29 -30 -33 -34 -36 -31 -33 -37 -30 -35 -33 -34 -34 -34 -37 -34 -32 -34 -30 -29 -33 -35 -36 -30 -27 -26 -27 -26 -27 -22 -22 -22 -24 -25 -26 -24 -29 -27 -28 -30 -30
-29 -32 -29 -25 -24 -24 -22 -24 -22 -23 -24 -27 -29 -26 -27 -29 -26 -25 -26 -25 -24 -24 -25 -26 -26 -27 -25 -24 -26 -26 -30 -29 -28 -27 -27 -29 -27 -26 -27 -27 -27 -28 -27 -23 -27 -26 -25 -27 -29 -27 -27 -26 -27 -30 -33 -32 -32 -34 -36 -34 -34 -37 -35 -33 -31 -31 -32 -36 -38 -36 -35 -33 -33 -30 -30 -33 -31 -34 -32 -30 -31 -27 -27 -25 -22 -22 -23 -27 -23 -24 -26 -31 -27 -29 -31
-31 -32 -27 -25 -23 -22 -24 -23 -24 -22 -25 -25 -28 -26 -28 -27 -27 -27 -27 -26 -25 -25 -23 -23 -26 -27 -26 -23 -25 -27 -28 -30 -28 -28 -27 -28 -27 -27 -27 -28 -27 -27 -25 -25 -24 -25 -25 -26 -29 -28 -27 -27 -28 -30 -31 -32 -33 -37 -38 -36 -33 -38 -35 -31 -35 -33 -33 -35 -37 -36 -35 -35 -36 -34 -28 -30 -30 -31 -31 -32 -27 -27 -26 -23 -22 -22 -22 -26 -27 -24 -28 -26 -25 -31 -32
-32 -31 -29 -26 -24 -22 -24 -24 -23 -22 -23 -27 -26 -28 -27 -25 -25 -26 -27 -27 -25 -25 -25 -22 -25 -24 -23 -24 -25 -24 -25 -28 -29 -28 -28 -30 -28 -27 -29 -26 -27 -27 -26 -24 -24 -25 -25 -26 -27 -27 -28 -30 -30 -30 -30 -34 -37 -37 -40 -38 -38 -37 -35 -31 -32 -35 -35 -34 -34 -35 -36 -34 -33 -32 -28 -27 -30 -28 -29 -34 -30 -31 -29 -24 -22 -24 -24 -25 -24 -24 -24 -27 -24 -30 -28
-26 -29 -27 -27 -24 -22 -23 -23 -22 -24 -26 -25 -28 -29 -26 -26 -25 -26 -24 -25 -26 -27 -24 -23 -23 -23 -23 -24 -28 -26 -28 -28 -30 -29 -29 -31 -31 -31 -30 -28 -28 -25 -24 -24 -27 -26 -25 -27 -26 -27 -29 -30 -33 -32 -33 -32 -35 -37 -40 -40 -39 -37 -34 -32 -35 -35 -36 -36 -34 -34 -34 -33 -32 -32 -31 -28 -26 -26 -29 -30 -34 -33 -30 -23 -23 -25 -26 -27 -26 -26 -26 -25 -28 -28 -26
-29 -26 -28 -27 -24 -23 -23 -23 -21 -25 -24 -23 -27 -27 -26 -26 -25 -28 -23 -25 -25 -26 -26 -26 -23 -24 -24 -25 -25 -26 -27 -30 -28 -31 -31 -29 -27 -27 -28 -26 -26 -24 -24 -24 -26 -27 -27 -28 -27 -27 -29 -32 -33 -34 -35 -37 -38 -38 -43 -42 -40 -37 -40 -34 -38 -35 -34 -34 -33 -30 -34 -36 -32 -32 -32 -34 -32 -28 -27 -29 -29 -29 -29 -26 -23 -26 -28 -31 -26 -28 -29 -30 -29 -29 -31
-28 -30 -26 -23 -24 -25 -23 -22 -21 -23 -24 -23 -23 -24 -23 -27 -25 -26 -23 -23 -25 -25 -25 -27 -24 -23 -26 -26 -26 -29 -27 -26 -27 -29 -27 -28 -28 -27 -26 -25 -27 -24 -25 -25 -26 -26 -27 -27 -26 -28 -30 -32 -33 -35 -35 -37 -40 -43 -44 -44 -41 -41 -38 -35 -36 -35 -33 -32 -30 -31 -33 -31 -35 -34 -33 -30 -27 -26 -25 -25 -28 -28 -23 -23 -23 -25 -27 -28 -28 -31 -33 -31 -33 -34 -33
-36 -29 -28 -25 -24 -23 -24 -22 -21 -21 -22 -22 -23 -23 -22 -26 -26 -26 -22 -23 -24 -24 -23 -24 -24 -22 -23 -23 -24 -24 -24 -25 -28 -29 -27 -28 -28 -28 -26 -25 -26 -26 -25 -24 -25 -25 -25 -25 -28 -29 -31 -32 -32 -33 -34 -35 -38 -40 -44 -44 -40 -38 -38 -36 -38 -34 -32 -35 -32 -30 -29 -29 -31 -34 -32 -29 -31 -32 -27 -24 -27 -25 -23 -25 -26 -25 -27 -28 -31 -29 -33 -35 -33 -32 -33
