analysis/data/raw_data/dwd_gridded/monthly_precipitation_01_Jan_grids_germany_monthly_precipitation_188101.asc
NCOLS 654
NROWS 866
XLLCORNER 3280414.711633467
YLLCORNER 5237500.62890625
CELLSIZE 1000
NODATA_VALUE -999
[rows 530 to 582 of 866, columns 192 to 287 of 654]
37 35 33 30 29 27 26 26 26 25 25 25 24 23 24 23 22 23 25 25 26 26 24 25 24 24 23 25 24 24 24 24 25 25 27 25 24 25 27 31 31 31 32 32 32 33 33 32 29 26 30 32 29 28 28 27 30 29 34 33 34 34 36 36 37 38 37 37 36 39 36 36 39 36 34 37 38 38 36 37 38 39 44 43 43 42 48 44 44 46 47 46 49 55 48 47
34 32 31 29 29 28 26 25 25 25 24 24 24 23 23 23 24 24 24 24 26 24 24 23 23 23 23 23 24 25 27 28 26 25 25 25 26 30 26 30 30 31 31 33 32 34 33 32 30 26 30 32 32 29 29 30 34 36 32 35 36 37 39 39 38 37 38 37 37 37 36 38 38 35 34 35 39 37 35 38 43 45 46 46 45 44 43 43 43 45 45 47 46 48 47 45
37 32 30 30 28 28 26 26 25 25 25 24 24 24 25 25 25 24 23 24 26 23 23 23 23 23 24 24 26 28 26 28 31 26 25 25 25 25 29 29 31 31 33 31 34 34 33 31 32 27 30 33 31 30 31 32 32 35 36 38 38 39 39 40 38 37 39 38 36 36 34 36 37 36 34 38 37 37 36 41 45 46 49 45 43 45 42 42 43 43 46 44 45 46 48 48
35 32 30 29 28 26 25 25 25 26 24 24 24 24 25 26 24 22 24 24 24 22 23 23 23 24 25 25 26 26 26 29 28 27 27 27 27 29 29 30 27 31 34 33 34 34 33 30 31 28 29 30 30 32 32 31 31 34 37 39 39 40 38 40 37 37 36 36 37 34 34 36 37 32 34 32 32 35 36 40 43 48 48 46 43 42 41 42 42 44 46 43 43 44 48 47
32 32 30 29 29 27 25 25 26 26 25 24 25 25 26 25 24 24 23 23 22 23 23 24 24 25 26 25 26 25 28 28 27 27 27 28 28 28 27 27 29 29 30 35 34 34 34 31 29 28 29 29 31 35 33 36 35 32 37 38 41 37 35 36 36 38 36 34 36 38 33 33 32 34 34 35 37 36 40 41 44 45 44 44 43 41 43 42 42 43 45 46 42 46 46 46
33 32 31 29 29 29 26 26 26 26 24 24 26 28 26 25 25 23 23 22 23 23 23 24 25 25 26 25 25 27 28 27 27 27 27 27 27 27 25 29 31 31 32 34 37 36 33 31 29 32 30 31 33 36 34 37 36 38 37 36 39 36 37 38 40 40 41 38 35 37 35 32 36 35 38 37 39 37 39 40 41 41 42 42 42 42 42 42 44 44 46 47 45 41 46 46
32 34 30 29 30 29 28 28 27 26 24 25 27 27 26 26 24 24 23 23 24 24 24 26 25 24 25 25 27 28 26 27 30 27 27 28 26 26 27 29 29 29 32 33 34 32 32 30 30 30 30 32 34 36 37 37 38 37 39 38 39 35 36 42 41 40 40 40 37 35 32 36 37 37 39 39 37 36 37 41 41 41 39 39 38 41 41 43 44 46 44 44 47 43 43 43
32 33 31 29 30 29 28 28 27 27 25 25 27 27 25 24 24 24 23 26 24 24 25 24 24 24 26 25 28 27 27 26 29 28 27 27 28 27 30 31 31 31 33 33 31 31 33 30 33 32 34 34 31 33 33 36 37 41 42 40 39 38 38 40 42 42 39 37 37 37 37 32 35 39 38 40 37 39 40 37 42 42 41 41 39 40 41 42 43 45 46 46 44 43 40 42
32 32 30 30 29 29 29 30 30 28 25 26 28 26 25 24 24 24 24 25 25 25 25 26 25 24 23 24 26 26 26 26 28 28 28 27 28 29 32 33 35 33 33 33 29 31 29 31 32 32 36 34 32 37 40 36 37 39 41 39 40 38 35 39 42 42 42 40 40 38 34 35 37 36 37 41 40 41 41 40 41 41 40 37 40 42 40 41 43 44 44 44 44 44 43 41
33 33 31 29 30 29 28 29 29 28 26 25 26 26 25 24 24 27 25 27 25 25 25 24 26 24 23 24 26 24 25 27 27 27 27 29 29 28 32 32 34 35 34 31 30 34 34 31 33 36 35 40 37 35 35 40 41 42 41 40 39 38 35 39 43 43 44 43 41 39 37 33 36 38 40 40 43 42 42 42 41 42 40 34 40 39 40 41 43 42 43 43 42 41 42 42
32 32 31 29 28 29 29 29 29 28 26 25 25 25 25 24 26 27 27 25 25 24 25 24 24 24 25 26 26 24 26 26 26 27 27 28 28 28 29 31 31 32 32 30 31 35 33 31 31 34 36 37 41 40 39 36 42 43 40 40 41 38 37 36 39 43 43 43 41 39 38 34 34 36 39 43 41 41 40 40 41 41 39 37 39 37 39 40 41 41 40 40 40 39 39 40
31 31 31 30 28 29 28 28 28 27 27 26 26 26 25 25 27 27 27 27 25 25 24 24 24 24 25 24 24 26 26 26 27 28 27 27 28 28 30 30 31 31 31 33 36 38 34 31 35 32 36 37 41 44 44 43 40 44 45 41 39 38 40 39 38 43 42 39 43 37 35 34 36 39 38 42 42 37 40 39 37 38 35 37 35 37 37 39 39 39 39 38 38 37 36 40
31 30 30 29 29 28 27 28 28 27 29 28 27 26 25 27 28 27 26 25 25 24 24 25 25 24 24 24 24 24 25 27 28 26 26 27 28 28 30 31 31 31 32 32 35 39 33 32 35 39 38 36 42 45 45 45 44 45 43 44 42 39 42 41 40 41 43 41 40 39 40 38 34 38 37 41 43 36 38 39 39 39 38 36 38 38 38 39 39 39 40 40 36 35 36 40
31 30 29 28 27 27 28 29 28 30 29 28 28 28 28 29 27 27 25 24 24 24 24 24 24 24 24 24 25 24 25 25 26 26 27 28 28 29 32 33 32 32 32 35 35 38 33 33 36 41 42 44 44 45 47 46 47 46 47 44 42 42 44 45 44 44 42 41 39 40 39 37 36 34 39 42 42 40 34 37 37 38 36 35 36 36 36 36 37 38 38 36 36 35 37 40
30 29 29 28 28 29 29 30 30 30 30 29 28 27 28 28 27 25 24 24 24 24 24 24 24 24 24 24 24 24 25 25 26 26 27 28 28 30 32 32 33 33 33 35 36 34 37 36 34 36 38 37 41 45 47 47 46 44 47 46 46 44 45 46 47 45 41 39 39 37 39 40 39 34 35 38 41 40 37 32 37 36 34 34 34 35 35 34 36 36 35 35 34 36 41 40
29 29 28 28 27 28 30 30 31 30 29 28 26 25 25 27 25 24 24 24 24 24 24 24 24 24 24 24 24 24 24 27 28 28 28 28 29 30 31 32 33 34 35 39 41 35 38 39 35 38 38 38 38 39 41 45 48 46 46 46 45 46 46 42 47 45 46 43 40 38 37 36 38 37 35 36 42 40 39 36 35 33 32 31 34 33 31 32 35 34 34 31 34 37 38 38
28 28 27 27 26 28 29 28 28 27 26 25 25 25 25 24 25 24 24 24 24 24 24 24 24 24 25 24 24 23 25 29 30 30 29 29 29 30 32 34 34 36 38 43 40 40 41 40 39 39 43 39 42 47 43 44 50 49 49 47 48 49 48 49 48 46 44 42 38 40 41 40 39 35 35 42 41 37 32 35 35 32 31 29 32 31 31 32 35 32 31 37 34 37 34 31
28 28 28 27 27 27 28 27 26 26 25 25 25 25 25 24 24 25 24 24 24 24 24 25 25 25 25 25 25 25 26 28 30 31 30 30 31 31 32 33 36 35 38 39 39 43 44 43 44 42 46 46 46 43 48 49 50 49 50 49 49 50 48 48 46 46 42 44 44 42 43 43 42 37 35 41 41 39 35 34 35 32 31 31 32 32 30 31 32 30 33 32 33 34 34 31
28 28 27 27 27 27 28 27 26 26 26 25 25 25 25 24 24 24 24 24 24 24 25 25 25 25 25 25 25 25 28 31 31 34 32 31 31 33 33 36 36 37 38 38 37 37 40 43 41 45 45 49 50 50 48 50 48 48 51 50 49 47 48 47 48 48 44 42 46 47 43 44 39 37 35 39 41 40 38 33 33 32 32 32 31 28 28 29 29 29 31 30 35 29 29 30
28 26 26 26 26 27 27 26 26 26 26 25 25 25 25 24 25 25 24 24 24 24 25 25 25 25 25 25 25 26 28 30 32 33 33 32 32 32 36 37 38 37 38 40 36 36 38 40 39 40 44 45 50 49 51 49 50 49 47 49 48 45 49 48 50 47 48 46 47 43 42 43 39 41 35 39 41 38 38 34 30 31 31 32 29 29 33 28 29 28 28 30 29 29 29 32
26 26 25 25 26 25 26 26 26 26 26 26 25 25 25 25 25 25 25 25 26 24 25 25 25 25 25 25 26 27 28 31 32 34 33 32 33 34 38 39 36 38 38 36 36 36 37 38 38 45 44 48 50 49 50 50 49 48 47 47 44 49 52 52 52 51 48 50 49 48 44 41 38 39 37 37 41 36 35 31 34 35 31 30 31 33 36 32 29 29 30 28 28 29 30 33
25 25 25 25 24 24 25 25 26 26 26 26 27 27 26 25 25 25 25 26 26 25 24 25 25 25 25 26 27 27 29 30 33 32 32 33 38 37 41 37 40 39 38 38 37 36 37 38 41 46 48 47 50 50 47 50 48 48 49 47 43 48 47 52 53 53 54 52 49 46 43 43 38 38 35 37 39 39 38 31 32 36 35 32 31 38 33 31 29 31 32 30 30 32 31 32
25 25 25 25 25 26 26 27 27 27 27 27 27 27 25 25 25 25 25 26 25 25 24 25 25 25 26 27 27 27 27 29 29 31 32 32 37 36 34 39 40 41 38 37 36 37 38 39 45 42 47 49 49 49 47 47 47 48 47 47 43 46 50 49 52 50 51 52 50 46 45 40 39 38 36 34 40 39 36 32 30 36 35 35 34 33 32 32 32 31 33 31 33 32 32 33
25 25 24 25 26 27 27 27 27 27 26 27 27 27 27 25 25 25 25 25 26 25 25 25 25 26 26 26 27 27 28 29 29 30 31 34 38 44 38 41 41 41 38 39 37 36 40 43 43 48 46 50 49 47 47 45 48 46 47 44 42 43 46 49 51 52 51 52 49 46 47 43 42 41 38 33 38 39 30 32 33 35 34 34 32 32 36 32 33 33 31 32 32 32 33 32
24 24 24 25 26 27 27 26 27 27 27 26 26 26 27 26 26 26 25 25 26 26 25 25 25 26 26 26 26 27 28 29 30 31 34 39 44 39 41 39 39 40 37 36 36 37 39 45 48 48 48 48 49 47 48 48 44 49 45 47 42 46 43 46 49 49 50 49 49 44 42 43 40 40 36 33 32 35 33 31 33 34 34 32 31 33 37 31 31 31 30 31 31 31 31 31
24 24 25 25 26 26 26 26 26 26 27 26 26 26 26 27 27 26 26 26 25 26 25 25 25 25 26 26 27 27 28 29 29 31 35 39 39 42 42 35 36 37 39 35 35 37 38 39 45 43 50 48 47 48 48 48 48 48 48 45 46 43 43 42 45 48 49 44 47 44 41 42 39 39 35 34 30 32 30 34 34 33 33 31 30 32 34 31 29 30 30 32 31 31 31 30
24 24 24 25 25 26 26 26 26 26 26 26 26 26 26 26 27 26 26 25 25 25 25 25 25 25 26 26 27 27 28 29 29 31 32 38 42 39 39 35 35 35 34 34 39 40 42 45 43 46 49 49 46 49 48 48 45 46 49 47 45 44 40 41 41 45 48 44 43 41 38 38 35 36 32 31 30 35 36 35 33 33 32 31 30 32 32 31 31 29 31 31 31 31 31 29
24 24 24 25 26 26 26 26 26 25 25 26 26 26 26 26 27 27 25 25 25 26 26 25 25 25 26 26 27 27 28 29 29 30 37 40 38 35 37 39 36 35 39 39 38 40 41 47 47 50 47 49 45 49 49 50 48 46 45 48 47 45 43 39 40 42 45 48 45 44 45 42 43 37 33 40 35 29 31 35 34 33 31 30 30 32 31 30 31 29 31 31 31 29 30 30
23 24 25 24 25 25 25 25 25 25 25 25 25 26 26 26 26 26 25 25 26 26 26 25 25 25 25 26 26 27 28 28 28 30 34 35 40 36 34 39 39 36 36 38 39 39 39 42 41 50 51 47 50 49 51 50 47 47 45 45 43 40 42 40 39 40 48 46 47 49 48 46 43 36 32 39 37 35 29 33 32 32 31 29 29 32 30 29 30 31 29 30 29 28 30 29
23 24 24 24 24 25 25 24 24 25 25 25 24 25 26 25 25 26 26 26 26 26 26 25 25 25 25 26 27 27 28 28 28 29 32 34 38 34 38 37 35 35 38 40 40 37 40 39 46 45 50 51 49 54 48 48 48 47 41 46 43 44 44 42 40 37 43 40 45 46 44 42 38 34 34 37 37 35 35 28 30 31 30 29 28 29 31 30 29 30 30 27 29 31 30 28
23 23 23 24 24 24 24 24 24 25 25 25 24 24 25 26 25 25 26 25 26 26 26 26 25 25 25 27 27 27 28 28 28 29 34 36 35 35 37 34 35 34 36 36 38 36 37 42 43 42 46 49 54 52 47 44 47 47 43 44 44 46 41 42 46 44 36 41 43 41 42 37 34 39 37 36 35 35 29 31 29 29 28 27 30 30 30 28 29 29 27 28 30 30 28 28
23 23 22 23 23 23 23 25 25 25 24 24 24 24 24 25 25 25 25 25 26 26 26 26 26 26 26 26 27 27 28 28 29 29 35 35 37 36 35 35 34 33 35 36 38 36 37 38 37 39 42 44 46 47 49 45 43 43 42 42 43 46 45 47 48 47 41 36 40 36 37 35 36 38 36 34 35 32 28 31 32 31 32 28 28 28 29 28 27 29 29 30 30 30 28 26
22 22 22 22 22 22 22 23 24 24 24 24 24 24 24 24 24 25 25 25 25 25 26 26 26 26 27 27 27 27 28 28 29 30 34 32 33 35 35 35 33 33 34 34 35 35 36 36 39 41 43 45 48 48 50 45 47 43 44 46 47 46 48 50 49 45 43 35 37 35 35 35 38 37 36 32 32 32 27 29 30 29 28 31 27 28 26 28 29 29 30 30 28 28 28 26
20 20 20 21 20 21 22 23 22 23 24 23 23 23 23 23 24 24 25 25 25 26 25 25 26 26 27 27 27 28 28 30 30 30 31 33 33 33 33 33 32 32 34 36 36 35 39 40 42 42 46 44 42 44 48 45 45 44 43 44 49 49 50 48 47 47 42 38 34 34 38 35 37 36 33 31 30 32 30 28 26 26 28 30 29 25 28 30 30 30 29 28 27 28 27 24
19 19 19 20 20 21 22 22 22 23 24 23 23 23 23 23 23 24 24 24 25 25 25 25 26 26 26 27 27 27 29 31 30 30 31 31 32 32 32 32 33 38 39 36 38 35 36 38 44 42 45 46 43 46 48 48 48 44 48 46 46 48 48 45 46 46 41 39 34 33 35 36 34 35 33 31 30 30 31 28 27 26 25 29 29 26 27 28 30 29 29 28 27 26 27 24
18 18 19 18 20 21 21 22 22 22 22 23 23 23 23 23 23 24 24 25 25 25 25 25 25 25 26 26 27 28 28 29 30 30 31 31 31 31 32 33 37 35 39 38 39 39 37 36 36 37 38 43 43 46 47 45 48 47 48 48 48 50 47 47 44 45 41 39 35 33 33 37 35 34 32 31 30 28 30 30 28 26 25 28 27 26 27 29 29 28 27 27 27 27 23 24
18 17 17 18 18 19 20 20 20 21 21 22 22 23 23 24 24 24 24 24 24 24 24 25 25 25 25 26 27 28 28 29 30 30 32 32 31 31 31 34 36 38 38 39 38 34 36 37 40 37 40 42 44 47 45 46 44 47 44 47 46 47 47 47 47 41 43 40 38 32 33 36 35 31 31 30 30 28 29 30 30 29 25 25 28 26 25 29 29 27 25 27 26 23 26 27
16 17 17 17 17 18 18 19 19 20 20 23 22 22 23 23 23 23 23 23 24 24 24 25 25 25 26 26 27 28 29 31 31 31 30 30 30 30 32 34 34 34 37 36 35 35 39 38 42 37 37 40 46 45 46 44 46 46 42 46 45 45 49 47 46 46 45 43 40 35 31 35 35 33 30 29 30 28 29 29 29 26 24 25 27 27 26 29 28 28 27 24 27 28 28 28
16 16 16 16 16 17 18 18 18 19 20 21 21 22 22 23 23 23 23 23 23 24 24 25 25 25 26 27 28 28 29 31 31 30 30 31 30 30 32 32 35 36 37 39 39 36 38 39 42 41 39 43 46 43 43 43 44 44 44 43 42 43 47 44 49 47 44 41 41 35 30 34 33 33 31 29 30 29 29 29 28 26 25 25 26 29 25 25 26 25 26 24 27 26 28 27
16 16 16 16 16 17 17 17 18 19 20 20 21 21 22 23 23 23 23 23 23 24 24 24 25 26 26 27 28 28 29 31 30 30 30 31 30 30 33 35 33 37 36 37 42 37 37 39 42 43 44 43 45 45 45 43 43 43 40 41 43 44 40 41 47 46 44 38 35 31 36 33 33 33 31 29 30 29 29 29 29 26 27 25 25 27 26 28 25 26 27 29 29 28 27 26
15 16 16 17 16 17 17 17 18 19 19 20 20 21 22 23 23 23 23 23 23 23 23 23 24 24 26 26 27 28 29 29 31 31 31 30 29 29 29 31 32 34 38 38 41 40 38 40 40 40 41 45 44 43 43 43 40 39 43 42 48 42 40 38 44 45 39 35 32 34 35 34 32 32 30 29 29 29 29 29 29 29 26 26 25 24 29 27 28 28 28 28 29 30 27 25
16 15 16 16 16 17 17 16 16 17 19 19 20 20 22 22 22 22 23 23 23 23 24 23 23 24 25 26 27 28 29 30 29 31 30 29 29 29 28 28 30 34 32 35 35 43 43 41 39 43 42 44 43 42 42 40 40 42 43 45 45 42 41 37 38 44 42 38 31 32 33 32 32 32 30 30 30 29 29 29 29 29 28 25 24 24 25 25 25 28 29 27 28 27 27 26
15 15 16 16 16 16 16 16 16 17 18 20 20 20 21 22 22 23 23 23 24 24 24 23 23 23 26 27 28 29 29 30 29 29 29 29 29 29 27 29 28 32 33 35 40 40 41 41 35 42 41 42 42 43 42 40 40 42 45 42 41 45 44 39 36 38 40 36 33 29 32 30 31 30 31 29 30 30 29 29 30 29 28 27 26 24 24 26 28 25 25 28 28 27 27 25
15 15 15 15 16 16 16 16 17 17 18 21 20 20 21 21 22 22 23 23 23 24 24 23 25 26 28 30 29 31 30 29 29 31 30 28 28 28 27 30 30 30 30 34 38 39 40 40 37 36 41 42 42 41 43 42 40 42 46 42 40 40 44 43 37 38 33 37 34 30 32 30 29 30 30 29 28 29 28 28 28 27 27 27 25 23 23 24 23 27 27 28 29 26 26 27
14 15 14 14 14 15 15 16 17 17 19 19 19 20 21 20 21 22 22 23 23 23 24 24 26 27 28 29 30 30 30 28 30 32 31 32 28 27 26 28 29 30 31 34 33 33 38 39 37 35 38 41 41 41 43 42 43 45 41 45 44 43 40 41 41 40 35 30 33 30 28 28 28 28 28 27 27 27 27 27 27 27 26 25 24 24 23 23 27 28 28 28 28 26 25 27
14 14 13 13 14 14 15 16 16 17 19 19 19 19 20 21 21 21 22 23 23 23 24 26 27 29 30 29 29 29 29 29 31 31 32 31 31 27 26 26 29 31 31 33 33 36 37 39 36 39 40 40 39 36 38 41 44 42 40 43 43 43 43 40 36 37 35 34 27 31 26 26 28 27 28 27 27 28 26 27 26 25 26 24 22 23 23 22 23 26 27 27 25 26 26 26
14 13 13 13 13 14 15 15 16 17 18 18 19 19 20 21 21 21 22 23 24 23 23 26 27 30 31 28 29 29 31 32 32 30 31 32 32 31 26 25 31 30 30 33 35 36 38 38 34 36 39 38 38 39 39 40 44 40 39 41 42 41 41 39 37 34 34 31 31 26 27 27 26 27 27 27 27 26 27 26 25 25 26 26 23 23 23 23 22 24 28 26 25 26 26 26
14 13 13 13 13 14 15 16 17 18 19 19 19 20 21 20 21 22 23 23 23 23 21 25 27 28 34 33 31 31 34 32 32 30 31 34 32 33 30 25 26 31 30 30 34 36 37 33 34 36 36 38 33 38 39 41 45 40 38 39 41 40 40 37 35 34 32 30 31 27 25 26 26 26 26 27 26 26 26 27 26 26 26 26 26 24 27 24 22 25 26 26 24 25 25 26
14 13 12 13 14 14 16 17 18 19 19 20 20 22 22 21 21 23 23 23 23 22 21 24 26 31 33 34 33 33 30 33 31 30 28 32 33 31 29 26 26 27 28 33 36 36 36 35 32 31 31 30 36 37 39 41 42 41 41 35 38 37 38 36 35 33 31 31 29 27 25 27 26 26 27 25 25 25 24 26 26 27 27 25 26 24 25 25 22 24 27 26 25 25 26 24
14 13 13 14 16 15 16 17 20 20 20 23 22 22 22 22 22 24 23 23 23 24 22 26 27 30 33 33 33 33 31 28 30 31 28 33 32 32 32 26 28 32 31 31 34 35 35 29 35 36 35 32 34 36 37 36 37 39 40 37 36 37 33 35 34 32 32 30 28 27 25 25 26 28 26 26 27 26 25 25 26 27 27 27 25 24 24 27 23 21 25 25 25 24 24 25
14 14 15 17 17 16 17 20 21 21 22 22 22 22 23 23 23 24 24 24 24 25 24 25 25 28 33 33 34 34 33 31 27 26 31 29 31 31 32 27 27 30 32 34 33 30 35 27 34 35 41 35 38 35 36 36 36 39 36 37 37 32 31 34 34 32 32 30 29 28 25 25 27 25 26 26 27 27 26 26 26 26 25 27 25 24 26 24 25 22 22 23 25 23 25 26
15 15 16 16 17 17 20 21 20 22 24 23 22 23 23 24 23 24 25 24 25 26 26 25 27 28 28 32 33 34 32 27 27 32 30 32 28 28 30 27 28 26 27 29 30 28 26 28 30 34 38 38 39 37 35 35 33 33 37 33 36 35 29 32 33 33 31 30 28 25 27 25 26 27 26 27 27 27 26 26 26 25 26 26 26 26 27 27 26 23 22 24 25 24 25 25
16 16 17 17 20 19 20 22 23 24 25 24 25 23 23 23 24 25 26 25 27 28 28 26 26 32 29 33 31 29 30 29 28 32 31 31 29 28 27 28 29 28 28 28 28 26 25 30 32 36 38 35 38 35 35 32 30 32 34 35 34 34 33 28 31 31 30 29 28 26 27 26 24 26 26 27 25 26 26 26 25 24 26 24 26 25 26 25 24 24 22 25 25 25 26 25
