analysis/data/raw_data/dwd_gridded/monthly_air_temperature_min_01_Jan_grids_germany_monthly_air_temp_min_190901.asc
NCOLS 654
NROWS 866
XLLCORNER 3280414.711633467
YLLCORNER 5237500.62890625
CELLSIZE 1000
NODATA_VALUE -999
[rows 492 to 532 of 866, columns 188 to 281 of 654]
-49 -46 -46 -47 -48 -47 -45 -47 -44 -42 -42 -44 -45 -44 -46 -47 -47 -49 -48 -46 -49 -49 -49 -49 -47 -49 -48 -47 -48 -47 -47 -48 -48 -48 -47 -49 -49 -50 -51 -50 -53 -53 -51 -54 -53 -52 -55 -57 -55 -57 -56 -56 -57 -55 -53 -53 -52 -53 -51 -51 -51 -53 -49 -51 -50 -52 -53 -49 -53 -55 -53 -49 -49 -49 -54 -57 -57 -58 -58 -59 -58 -56 -55 -53 -54 -54 -52 -57 -54 -53 -50 -50 -52 -56
-48 -45 -45 -45 -45 -44 -44 -44 -43 -42 -44 -45 -48 -46 -42 -47 -47 -47 -46 -46 -49 -49 -49 -50 -48 -49 -48 -48 -48 -49 -48 -48 -48 -47 -48 -49 -49 -49 -50 -52 -53 -54 -53 -53 -53 -56 -55 -58 -57 -57 -58 -57 -57 -58 -53 -53 -53 -52 -51 -52 -53 -54 -51 -50 -51 -53 -53 -50 -56 -56 -52 -52 -52 -48 -49 -53 -55 -57 -58 -58 -56 -55 -53 -53 -55 -58 -55 -55 -56 -53 -53 -52 -51 -50
-47 -47 -45 -44 -45 -46 -44 -43 -42 -42 -44 -44 -44 -44 -44 -44 -44 -46 -45 -46 -47 -48 -49 -49 -49 -49 -49 -47 -48 -49 -49 -48 -47 -47 -48 -49 -49 -50 -49 -49 -50 -53 -54 -54 -54 -55 -55 -58 -59 -59 -59 -59 -58 -58 -55 -53 -55 -54 -55 -55 -55 -55 -53 -53 -51 -50 -50 -51 -52 -55 -56 -56 -54 -51 -51 -51 -55 -54 -54 -58 -57 -55 -53 -52 -54 -56 -58 -56 -54 -55 -53 -56 -54 -52
-46 -49 -47 -44 -44 -44 -44 -42 -42 -42 -44 -43 -43 -43 -43 -43 -44 -44 -47 -46 -46 -47 -48 -49 -47 -48 -49 -49 -48 -48 -48 -48 -49 -47 -47 -48 -48 -49 -51 -50 -53 -51 -54 -56 -56 -56 -58 -57 -61 -60 -60 -59 -57 -57 -58 -56 -53 -53 -55 -55 -57 -56 -54 -55 -53 -50 -50 -51 -51 -52 -54 -55 -55 -55 -54 -50 -50 -54 -56 -58 -57 -55 -53 -53 -53 -54 -57 -55 -53 -53 -55 -52 -54 -55
-44 -46 -47 -45 -44 -43 -44 -42 -42 -42 -42 -42 -43 -44 -45 -46 -47 -44 -45 -45 -45 -46 -47 -46 -46 -46 -46 -47 -47 -46 -47 -50 -48 -48 -49 -49 -49 -49 -49 -52 -54 -55 -52 -58 -59 -59 -61 -59 -59 -61 -60 -58 -57 -59 -56 -57 -55 -55 -55 -57 -57 -55 -55 -52 -53 -54 -49 -51 -52 -50 -50 -54 -52 -51 -50 -55 -50 -51 -53 -57 -57 -55 -54 -53 -52 -55 -54 -52 -53 -54 -56 -52 -54 -55
-44 -43 -45 -45 -44 -42 -42 -42 -42 -42 -42 -43 -44 -45 -46 -46 -46 -45 -44 -45 -47 -45 -45 -46 -46 -47 -48 -48 -46 -48 -48 -50 -49 -48 -47 -49 -49 -49 -51 -50 -53 -55 -54 -54 -59 -62 -61 -61 -60 -60 -58 -59 -58 -56 -56 -55 -54 -54 -55 -58 -59 -55 -54 -57 -53 -54 -50 -51 -51 -49 -51 -52 -53 -51 -52 -53 -54 -50 -53 -55 -57 -54 -55 -52 -52 -54 -53 -52 -53 -53 -55 -56 -53 -54
-43 -43 -42 -42 -42 -42 -42 -42 -42 -42 -43 -43 -44 -44 -46 -46 -46 -46 -45 -44 -44 -44 -45 -46 -45 -45 -45 -45 -45 -46 -47 -47 -49 -48 -48 -48 -49 -49 -49 -54 -51 -52 -54 -55 -57 -59 -62 -62 -61 -60 -59 -59 -58 -57 -57 -55 -55 -55 -55 -56 -58 -58 -57 -59 -57 -52 -54 -53 -51 -51 -50 -50 -51 -53 -55 -52 -53 -53 -55 -53 -53 -53 -53 -53 -53 -53 -54 -52 -53 -53 -54 -57 -56 -55
-42 -42 -42 -42 -42 -42 -42 -43 -43 -42 -42 -43 -44 -46 -46 -46 -46 -46 -46 -45 -45 -44 -44 -45 -44 -44 -45 -44 -44 -44 -45 -49 -49 -49 -48 -49 -51 -52 -54 -52 -52 -53 -54 -56 -56 -60 -64 -63 -63 -61 -61 -59 -59 -58 -56 -57 -56 -55 -58 -58 -54 -55 -55 -55 -55 -50 -54 -57 -53 -52 -53 -51 -50 -52 -53 -54 -51 -51 -54 -52 -54 -56 -55 -53 -53 -53 -54 -54 -56 -55 -54 -53 -54 -57
-45 -46 -43 -43 -42 -43 -42 -43 -43 -42 -43 -44 -46 -46 -46 -46 -46 -46 -46 -46 -45 -44 -44 -44 -44 -44 -44 -45 -44 -46 -47 -48 -50 -49 -48 -48 -49 -49 -52 -55 -57 -57 -59 -57 -60 -61 -62 -65 -64 -63 -61 -63 -60 -57 -57 -56 -55 -57 -57 -57 -57 -53 -52 -52 -51 -52 -56 -55 -52 -53 -54 -53 -52 -52 -53 -54 -52 -51 -51 -53 -54 -55 -56 -54 -54 -54 -54 -55 -55 -56 -56 -58 -56 -57
-46 -44 -44 -44 -42 -43 -44 -44 -44 -44 -44 -44 -47 -46 -46 -46 -45 -46 -46 -45 -45 -45 -44 -45 -44 -44 -44 -44 -44 -45 -45 -49 -46 -49 -49 -48 -49 -51 -53 -55 -56 -59 -60 -58 -58 -61 -62 -67 -66 -63 -64 -63 -60 -59 -57 -58 -56 -59 -58 -56 -55 -53 -52 -56 -55 -56 -53 -53 -51 -57 -56 -57 -53 -53 -53 -54 -54 -52 -52 -53 -53 -54 -56 -55 -54 -54 -55 -54 -54 -55 -56 -56 -59 -58
-46 -46 -46 -45 -43 -42 -42 -43 -43 -44 -43 -43 -44 -46 -45 -46 -45 -45 -45 -45 -44 -44 -45 -45 -44 -44 -44 -44 -44 -44 -44 -44 -45 -46 -47 -48 -49 -52 -51 -53 -57 -58 -59 -62 -62 -62 -67 -68 -67 -66 -64 -61 -59 -58 -57 -57 -58 -57 -57 -57 -57 -55 -56 -57 -52 -51 -52 -51 -53 -56 -56 -58 -56 -53 -55 -53 -53 -54 -53 -53 -53 -54 -55 -56 -54 -54 -55 -54 -55 -55 -57 -57 -58 -63
-48 -48 -47 -46 -45 -44 -43 -43 -43 -43 -43 -44 -45 -45 -45 -46 -47 -44 -44 -45 -45 -45 -44 -44 -44 -44 -44 -44 -45 -45 -46 -46 -45 -45 -47 -50 -51 -53 -53 -54 -57 -57 -58 -59 -62 -62 -66 -69 -68 -65 -64 -61 -61 -59 -59 -58 -56 -56 -56 -55 -56 -55 -54 -54 -52 -53 -52 -54 -53 -56 -58 -56 -54 -54 -53 -54 -53 -52 -53 -53 -53 -55 -55 -56 -55 -55 -56 -56 -56 -56 -58 -57 -60 -65
-47 -47 -46 -46 -45 -44 -43 -44 -43 -44 -46 -45 -45 -46 -45 -45 -45 -46 -44 -44 -44 -44 -44 -44 -44 -45 -44 -44 -43 -44 -46 -47 -48 -47 -48 -47 -48 -51 -53 -54 -56 -57 -56 -56 -58 -61 -65 -68 -68 -67 -65 -63 -61 -58 -58 -56 -57 -58 -57 -56 -56 -57 -57 -53 -56 -53 -52 -57 -53 -55 -57 -57 -55 -58 -55 -54 -53 -54 -54 -53 -54 -55 -55 -56 -56 -56 -55 -55 -57 -58 -56 -56 -62 -63
-47 -46 -45 -45 -44 -44 -44 -44 -44 -46 -47 -47 -46 -46 -45 -44 -43 -43 -44 -44 -44 -45 -45 -44 -44 -44 -45 -43 -43 -44 -44 -43 -46 -44 -44 -47 -51 -51 -52 -54 -53 -52 -54 -53 -58 -61 -65 -68 -70 -66 -66 -64 -62 -58 -56 -57 -58 -57 -56 -57 -58 -56 -55 -57 -58 -54 -53 -55 -53 -60 -57 -59 -56 -53 -53 -53 -54 -53 -55 -53 -53 -54 -54 -56 -56 -58 -56 -56 -57 -57 -59 -58 -59 -61
-48 -48 -47 -46 -45 -45 -45 -45 -46 -47 -48 -48 -46 -44 -45 -45 -45 -44 -46 -44 -44 -44 -44 -44 -43 -43 -43 -42 -44 -45 -45 -45 -45 -44 -46 -46 -49 -51 -51 -49 -49 -50 -54 -56 -58 -61 -63 -69 -67 -65 -65 -62 -62 -61 -61 -58 -57 -57 -56 -57 -55 -56 -58 -60 -59 -55 -56 -56 -53 -57 -58 -56 -54 -57 -57 -54 -54 -55 -55 -52 -53 -54 -55 -57 -58 -58 -57 -57 -57 -58 -61 -59 -62 -59
-49 -49 -47 -46 -46 -46 -45 -45 -46 -47 -48 -48 -47 -45 -44 -45 -44 -45 -46 -44 -44 -44 -44 -43 -44 -43 -43 -42 -43 -43 -44 -46 -45 -45 -46 -48 -48 -49 -48 -49 -49 -50 -53 -57 -57 -60 -64 -65 -64 -66 -67 -64 -60 -57 -57 -57 -55 -55 -56 -57 -57 -55 -59 -59 -57 -56 -57 -56 -55 -55 -58 -56 -57 -58 -55 -55 -57 -57 -54 -52 -52 -54 -55 -56 -57 -58 -58 -59 -60 -61 -59 -58 -58 -58
-50 -48 -46 -46 -45 -47 -45 -45 -47 -49 -48 -47 -46 -46 -44 -44 -44 -44 -45 -45 -44 -43 -43 -43 -43 -43 -43 -42 -44 -45 -46 -46 -46 -44 -46 -49 -51 -48 -45 -46 -49 -50 -53 -55 -55 -60 -61 -62 -63 -62 -65 -68 -61 -58 -56 -56 -55 -55 -58 -58 -55 -57 -59 -58 -59 -56 -58 -59 -58 -55 -59 -59 -57 -59 -57 -56 -59 -56 -54 -52 -54 -53 -54 -55 -56 -59 -55 -57 -57 -58 -55 -55 -57 -57
-50 -51 -47 -46 -47 -47 -48 -46 -47 -49 -46 -46 -46 -45 -44 -44 -44 -43 -44 -44 -44 -43 -43 -43 -43 -42 -43 -43 -44 -43 -45 -45 -44 -44 -47 -47 -49 -44 -46 -48 -49 -52 -53 -54 -57 -58 -56 -60 -61 -60 -65 -65 -61 -59 -57 -56 -55 -56 -58 -57 -57 -59 -59 -59 -59 -58 -59 -59 -58 -58 -55 -58 -55 -57 -56 -57 -54 -54 -53 -53 -55 -54 -53 -54 -55 -55 -55 -55 -55 -56 -58 -60 -60 -60
-50 -49 -49 -47 -46 -48 -47 -46 -47 -47 -46 -45 -45 -45 -43 -44 -44 -44 -43 -44 -43 -43 -44 -44 -43 -43 -43 -44 -43 -44 -43 -45 -44 -43 -44 -45 -43 -44 -46 -49 -51 -52 -51 -54 -55 -54 -59 -57 -58 -63 -63 -62 -61 -58 -56 -57 -58 -57 -58 -58 -58 -58 -59 -58 -58 -59 -59 -58 -56 -56 -56 -56 -53 -55 -54 -53 -51 -53 -53 -53 -53 -55 -56 -55 -55 -54 -56 -57 -59 -58 -61 -63 -62 -63
-50 -48 -48 -46 -46 -47 -47 -46 -47 -46 -45 -45 -44 -44 -43 -43 -43 -44 -44 -45 -45 -43 -43 -43 -42 -42 -42 -43 -45 -45 -44 -43 -43 -43 -46 -46 -43 -46 -48 -49 -47 -50 -53 -53 -54 -54 -54 -57 -62 -62 -60 -60 -62 -59 -61 -57 -57 -56 -57 -61 -59 -60 -59 -59 -59 -57 -57 -54 -53 -54 -55 -53 -52 -53 -53 -53 -51 -52 -54 -53 -58 -56 -54 -59 -56 -56 -56 -59 -61 -61 -63 -60 -61 -57
-50 -50 -49 -48 -48 -48 -48 -47 -48 -45 -45 -43 -43 -43 -43 -44 -44 -45 -45 -45 -44 -43 -43 -42 -42 -42 -43 -43 -44 -43 -44 -43 -42 -45 -42 -42 -46 -44 -44 -46 -47 -49 -52 -52 -52 -53 -59 -60 -59 -59 -59 -59 -58 -58 -58 -59 -57 -57 -58 -60 -60 -58 -58 -58 -58 -59 -59 -61 -60 -58 -52 -53 -53 -52 -52 -51 -54 -55 -54 -54 -57 -61 -55 -55 -59 -58 -54 -56 -55 -57 -56 -54 -56 -59
-51 -52 -52 -49 -50 -53 -48 -46 -46 -45 -43 -44 -44 -44 -45 -45 -46 -45 -45 -44 -43 -43 -43 -43 -42 -42 -43 -43 -43 -45 -44 -43 -42 -42 -42 -44 -44 -47 -45 -48 -50 -49 -51 -50 -50 -54 -56 -57 -59 -59 -57 -58 -58 -56 -56 -56 -58 -57 -56 -60 -60 -60 -59 -60 -59 -60 -60 -60 -58 -57 -56 -56 -52 -52 -52 -51 -52 -55 -56 -57 -55 -58 -59 -54 -55 -58 -56 -58 -56 -60 -60 -63 -63 -63
-56 -52 -52 -53 -51 -53 -51 -46 -44 -44 -44 -43 -43 -44 -45 -46 -46 -46 -45 -43 -43 -42 -43 -42 -42 -42 -43 -45 -44 -44 -43 -42 -43 -41 -43 -45 -48 -47 -50 -47 -51 -50 -50 -49 -51 -52 -53 -54 -57 -57 -56 -57 -57 -58 -55 -56 -56 -56 -55 -57 -58 -57 -55 -54 -58 -60 -60 -57 -56 -53 -53 -55 -53 -52 -51 -52 -53 -53 -57 -55 -58 -59 -57 -56 -56 -58 -57 -58 -62 -59 -61 -58 -59 -61
-55 -55 -55 -54 -52 -51 -48 -47 -46 -45 -44 -45 -43 -44 -45 -46 -48 -47 -45 -44 -44 -43 -42 -42 -42 -42 -43 -43 -44 -44 -42 -42 -42 -42 -46 -48 -46 -47 -49 -49 -49 -48 -48 -51 -52 -51 -52 -55 -56 -56 -55 -55 -56 -57 -56 -54 -54 -54 -57 -58 -57 -59 -56 -56 -57 -58 -57 -54 -53 -53 -52 -52 -53 -52 -52 -54 -53 -53 -58 -59 -60 -59 -55 -56 -57 -55 -57 -61 -64 -63 -67 -62 -65 -63
-52 -54 -56 -58 -54 -49 -48 -46 -45 -45 -44 -44 -44 -45 -47 -48 -47 -47 -46 -45 -44 -44 -42 -42 -42 -43 -43 -43 -44 -44 -44 -43 -42 -43 -43 -46 -46 -48 -47 -47 -49 -49 -49 -51 -52 -50 -52 -55 -54 -56 -54 -55 -54 -57 -56 -54 -54 -53 -57 -59 -57 -57 -57 -55 -53 -56 -56 -56 -56 -53 -52 -53 -54 -55 -53 -53 -53 -54 -59 -59 -60 -59 -59 -57 -58 -56 -60 -64 -70 -68 -69 -63 -69 -68
-58 -59 -52 -54 -55 -49 -47 -46 -46 -45 -45 -44 -44 -44 -47 -47 -46 -47 -45 -44 -44 -44 -42 -42 -42 -42 -43 -43 -45 -43 -43 -41 -42 -42 -45 -48 -48 -47 -46 -49 -48 -47 -50 -50 -49 -51 -52 -54 -55 -56 -54 -54 -54 -56 -56 -56 -54 -52 -54 -58 -57 -55 -57 -56 -52 -56 -58 -56 -53 -53 -53 -53 -53 -55 -54 -57 -56 -56 -55 -58 -59 -60 -60 -56 -59 -56 -62 -66 -69 -69 -70 -73 -70 -72
-57 -55 -55 -52 -51 -48 -47 -46 -47 -46 -46 -46 -45 -45 -46 -47 -47 -46 -44 -43 -43 -44 -43 -42 -42 -42 -43 -45 -45 -44 -43 -42 -46 -45 -46 -49 -48 -47 -49 -50 -47 -48 -48 -49 -50 -53 -56 -55 -52 -55 -53 -51 -53 -54 -56 -55 -55 -53 -55 -56 -56 -55 -58 -56 -52 -55 -55 -54 -55 -55 -53 -54 -54 -55 -57 -57 -58 -58 -60 -57 -59 -62 -62 -57 -62 -60 -58 -60 -61 -66 -73 -74 -76 -75
-54 -56 -53 -51 -49 -49 -46 -47 -47 -47 -46 -47 -48 -46 -45 -45 -47 -46 -44 -43 -43 -43 -43 -42 -42 -43 -44 -46 -45 -42 -42 -45 -44 -46 -48 -46 -46 -47 -47 -48 -50 -48 -51 -52 -52 -53 -52 -54 -51 -53 -52 -52 -52 -53 -54 -54 -53 -51 -55 -56 -56 -55 -51 -53 -53 -57 -56 -58 -56 -54 -54 -57 -58 -56 -59 -59 -58 -60 -62 -60 -63 -63 -62 -58 -63 -65 -60 -62 -63 -66 -70 -73 -75 -73
-53 -51 -50 -50 -50 -49 -47 -47 -48 -46 -46 -46 -47 -47 -46 -45 -46 -45 -44 -44 -44 -43 -42 -42 -42 -43 -44 -45 -44 -43 -43 -44 -46 -47 -48 -46 -48 -49 -47 -45 -48 -51 -50 -51 -51 -51 -52 -51 -51 -52 -51 -53 -52 -53 -51 -53 -52 -51 -54 -55 -54 -54 -55 -50 -54 -54 -57 -58 -55 -56 -56 -59 -59 -59 -60 -61 -61 -61 -61 -64 -65 -63 -60 -59 -63 -63 -59 -59 -60 -61 -63 -71 -71 -67
-49 -51 -51 -51 -48 -49 -49 -49 -46 -46 -46 -49 -47 -46 -46 -45 -46 -45 -44 -43 -44 -43 -42 -41 -42 -43 -45 -46 -43 -44 -44 -44 -46 -47 -45 -47 -49 -45 -46 -50 -51 -50 -50 -50 -52 -52 -51 -52 -51 -52 -51 -53 -51 -51 -50 -52 -54 -52 -52 -54 -55 -55 -56 -51 -53 -55 -54 -53 -52 -55 -56 -56 -51 -56 -58 -60 -58 -59 -62 -62 -65 -65 -60 -61 -64 -60 -57 -59 -60 -64 -62 -63 -66 -71
-51 -47 -49 -48 -47 -46 -47 -46 -46 -47 -48 -50 -48 -46 -46 -44 -46 -45 -43 -43 -43 -42 -42 -41 -43 -43 -45 -46 -43 -42 -44 -44 -43 -44 -47 -44 -42 -45 -49 -51 -51 -52 -51 -52 -51 -51 -52 -50 -53 -51 -52 -53 -51 -51 -51 -52 -52 -51 -53 -53 -55 -55 -55 -53 -48 -51 -51 -52 -48 -50 -52 -49 -56 -57 -53 -54 -57 -59 -64 -64 -62 -65 -60 -60 -63 -57 -57 -62 -67 -65 -70 -72 -66 -70
-49 -47 -46 -50 -52 -48 -50 -49 -48 -49 -48 -48 -46 -45 -45 -44 -44 -44 -44 -42 -42 -42 -42 -41 -42 -45 -45 -42 -41 -43 -42 -43 -46 -47 -44 -43 -47 -47 -50 -47 -50 -49 -51 -50 -52 -52 -50 -49 -52 -52 -52 -54 -52 -50 -50 -52 -52 -51 -50 -53 -54 -55 -54 -53 -50 -52 -53 -50 -47 -47 -50 -49 -50 -51 -54 -55 -58 -61 -64 -64 -62 -59 -57 -58 -55 -57 -62 -62 -64 -64 -69 -69 -63 -65
-47 -51 -48 -51 -51 -52 -51 -51 -50 -49 -48 -48 -46 -45 -45 -45 -44 -44 -44 -43 -42 -42 -42 -41 -42 -45 -42 -42 -42 -43 -46 -45 -43 -42 -42 -47 -45 -44 -44 -45 -48 -50 -50 -53 -51 -50 -48 -48 -50 -51 -52 -52 -50 -48 -50 -52 -51 -50 -49 -53 -54 -54 -53 -55 -50 -52 -52 -51 -46 -46 -49 -48 -49 -50 -53 -54 -58 -62 -64 -61 -60 -55 -54 -57 -63 -62 -57 -61 -60 -65 -66 -66 -68 -62
-47 -50 -50 -50 -52 -52 -55 -55 -54 -49 -49 -46 -46 -46 -44 -44 -44 -43 -44 -43 -42 -42 -42 -41 -42 -43 -42 -42 -44 -46 -46 -42 -42 -42 -44 -44 -45 -48 -47 -52 -46 -50 -52 -52 -50 -49 -48 -51 -52 -52 -50 -53 -49 -50 -49 -51 -51 -51 -46 -51 -54 -51 -52 -52 -46 -53 -50 -47 -46 -53 -52 -49 -51 -51 -52 -56 -58 -62 -57 -53 -53 -53 -54 -62 -62 -63 -63 -62 -65 -66 -65 -61 -66 -61
-48 -51 -50 -49 -51 -53 -56 -60 -53 -48 -47 -46 -45 -45 -45 -44 -43 -43 -44 -43 -42 -42 -41 -41 -42 -42 -42 -42 -44 -47 -44 -42 -42 -43 -43 -44 -47 -45 -49 -46 -47 -52 -50 -51 -49 -47 -50 -52 -53 -52 -50 -48 -45 -50 -49 -50 -50 -51 -48 -49 -53 -49 -53 -51 -47 -47 -46 -47 -50 -51 -53 -51 -57 -51 -56 -55 -57 -60 -56 -59 -61 -59 -60 -60 -60 -60 -60 -62 -63 -62 -63 -64 -65 -59
-47 -50 -50 -49 -48 -54 -58 -57 -52 -47 -46 -45 -44 -44 -44 -43 -43 -44 -44 -42 -42 -42 -42 -42 -42 -42 -42 -45 -46 -46 -44 -42 -42 -45 -44 -43 -44 -46 -43 -45 -46 -48 -50 -49 -47 -48 -50 -52 -53 -52 -51 -47 -44 -45 -49 -50 -50 -46 -45 -48 -51 -45 -48 -47 -45 -45 -47 -48 -49 -50 -54 -56 -58 -54 -53 -54 -55 -59 -56 -55 -62 -63 -63 -59 -57 -62 -62 -58 -56 -56 -57 -57 -58 -61
-49 -49 -51 -51 -52 -53 -57 -53 -52 -47 -45 -44 -44 -45 -44 -44 -43 -43 -43 -42 -41 -42 -43 -43 -43 -43 -44 -45 -45 -44 -42 -42 -48 -45 -44 -43 -44 -44 -45 -43 -47 -47 -52 -48 -44 -49 -50 -52 -53 -53 -53 -48 -44 -45 -51 -50 -48 -43 -45 -47 -45 -46 -45 -45 -46 -47 -52 -48 -49 -52 -56 -58 -58 -56 -55 -56 -56 -56 -54 -54 -56 -61 -58 -56 -57 -56 -56 -54 -58 -65 -66 -64 -65 -67
-47 -47 -48 -51 -53 -54 -52 -50 -48 -45 -44 -44 -44 -44 -44 -44 -43 -42 -41 -43 -41 -42 -43 -44 -44 -44 -46 -44 -43 -43 -42 -43 -44 -44 -43 -42 -44 -43 -43 -43 -47 -49 -45 -43 -48 -50 -50 -53 -53 -53 -53 -51 -45 -43 -47 -51 -48 -44 -47 -46 -43 -46 -48 -48 -48 -50 -52 -50 -55 -55 -56 -58 -60 -59 -58 -57 -57 -54 -51 -58 -57 -59 -57 -57 -53 -57 -58 -55 -58 -62 -64 -62 -63 -66
-46 -47 -50 -52 -52 -51 -49 -47 -46 -45 -45 -44 -43 -43 -43 -44 -42 -41 -42 -42 -41 -43 -44 -44 -45 -45 -43 -43 -43 -42 -41 -43 -42 -42 -42 -42 -42 -42 -44 -42 -42 -43 -45 -50 -50 -51 -50 -52 -52 -52 -54 -51 -48 -43 -49 -52 -47 -43 -43 -43 -48 -45 -53 -52 -52 -53 -54 -53 -55 -55 -55 -55 -56 -60 -55 -56 -60 -54 -53 -57 -58 -58 -54 -54 -54 -56 -60 -59 -58 -57 -66 -60 -62 -65
-46 -46 -47 -50 -47 -46 -46 -46 -45 -45 -43 -43 -42 -43 -42 -42 -41 -41 -41 -42 -44 -44 -44 -44 -45 -43 -43 -42 -41 -41 -41 -41 -42 -43 -45 -45 -43 -42 -42 -42 -44 -49 -44 -49 -48 -50 -49 -52 -50 -52 -53 -51 -48 -42 -47 -50 -47 -43 -44 -47 -51 -54 -50 -54 -55 -56 -57 -56 -53 -51 -55 -55 -55 -56 -55 -57 -57 -53 -52 -54 -58 -55 -52 -55 -60 -61 -63 -62 -60 -59 -58 -61 -61 -63
-49 -51 -49 -51 -49 -44 -43 -45 -45 -44 -44 -43 -42 -42 -42 -41 -41 -42 -43 -44 -45 -44 -43 -44 -45 -43 -41 -42 -41 -42 -42 -42 -45 -47 -45 -45 -49 -43 -43 -42 -42 -42 -47 -48 -49 -50 -53 -49 -53 -53 -50 -49 -50 -42 -46 -50 -46 -43 -44 -47 -48 -53 -54 -58 -57 -58 -56 -55 -53 -52 -56 -56 -53 -55 -52 -54 -55 -55 -53 -56 -55 -56 -52 -58 -62 -63 -65 -60 -59 -62 -58 -60 -61 -61
