analysis/data/raw_data/dwd_gridded/monthly_air_temperature_min_01_Jan_grids_germany_monthly_air_temp_min_190101.asc_3
NCOLS 654
NROWS 866
XLLCORNER 3280414.711633467
YLLCORNER 5237500.62890625
CELLSIZE 1000
NODATA_VALUE -999
[rows 574 to 614 of 866, columns 188 to 281 of 654]
-55 -55 -55 -55 -55 -56 -56 -56 -56 -57 -57 -59 -59 -59 -61 -60 -59 -60 -60 -59 -61 -61 -60 -60 -61 -62 -62 -62 -64 -65 -65 -66 -66 -66 -65 -64 -64 -67 -66 -66 -63 -62 -62 -65 -67 -67 -67 -69 -68 -67 -73 -74 -72 -69 -74 -77 -77 -77 -78 -78 -80 -83 -79 -83 -82 -81 -76 -78 -79 -78 -73 -68 -74 -71 -70 -71 -72 -73 -74 -72 -72 -73 -73 -75 -74 -74 -74 -74 -71 -71 -70 -70 -77 -79
-55 -55 -55 -55 -55 -56 -56 -56 -57 -58 -58 -60 -59 -60 -61 -60 -59 -59 -60 -60 -60 -60 -61 -61 -61 -61 -61 -63 -64 -66 -67 -65 -64 -63 -64 -64 -65 -66 -67 -66 -66 -62 -62 -63 -66 -68 -67 -69 -69 -70 -71 -73 -71 -73 -75 -76 -76 -72 -74 -77 -82 -78 -79 -82 -82 -81 -80 -78 -75 -76 -75 -75 -68 -72 -67 -68 -71 -71 -73 -73 -73 -74 -73 -75 -74 -73 -75 -73 -71 -70 -70 -69 -71 -76
-55 -55 -55 -55 -55 -56 -56 -56 -58 -58 -58 -59 -59 -60 -59 -59 -59 -59 -59 -60 -60 -60 -60 -61 -61 -61 -61 -63 -64 -67 -68 -64 -64 -64 -66 -67 -67 -65 -65 -68 -67 -66 -62 -62 -68 -67 -67 -69 -71 -71 -73 -73 -68 -71 -74 -75 -74 -75 -75 -77 -82 -77 -76 -80 -81 -79 -78 -78 -76 -73 -74 -73 -73 -67 -70 -69 -69 -70 -73 -73 -73 -73 -73 -73 -73 -73 -74 -76 -72 -71 -71 -71 -70 -72
-55 -55 -55 -55 -56 -56 -56 -56 -58 -59 -59 -59 -60 -60 -60 -59 -59 -59 -59 -59 -60 -60 -60 -60 -61 -61 -61 -63 -63 -65 -69 -69 -66 -66 -68 -66 -67 -64 -66 -69 -68 -68 -66 -62 -63 -68 -66 -66 -71 -72 -74 -68 -68 -71 -72 -76 -69 -76 -76 -79 -83 -77 -74 -78 -79 -79 -78 -77 -75 -75 -72 -71 -73 -68 -67 -68 -69 -70 -70 -73 -71 -72 -72 -74 -74 -74 -76 -75 -76 -73 -76 -72 -70 -74
-55 -55 -55 -55 -56 -56 -56 -57 -58 -58 -60 -60 -62 -61 -59 -59 -59 -61 -60 -59 -59 -60 -60 -60 -61 -61 -60 -62 -63 -68 -69 -69 -67 -68 -64 -67 -65 -64 -63 -67 -69 -66 -63 -61 -62 -63 -65 -71 -74 -73 -73 -71 -67 -66 -66 -67 -74 -75 -79 -80 -82 -80 -81 -73 -78 -76 -77 -76 -75 -73 -73 -74 -72 -70 -67 -69 -69 -71 -71 -69 -70 -71 -71 -73 -73 -77 -77 -74 -76 -73 -74 -74 -69 -73
-54 -55 -55 -55 -56 -56 -56 -58 -60 -59 -59 -59 -61 -60 -60 -61 -60 -59 -59 -59 -58 -60 -60 -60 -59 -62 -60 -63 -64 -66 -68 -68 -67 -67 -65 -62 -63 -66 -61 -67 -66 -67 -66 -61 -63 -68 -67 -67 -72 -72 -73 -66 -74 -75 -73 -70 -71 -75 -76 -76 -78 -79 -81 -78 -76 -77 -73 -76 -76 -73 -74 -73 -72 -70 -67 -67 -70 -72 -70 -71 -73 -73 -72 -73 -75 -75 -77 -77 -75 -73 -73 -76 -71 -69
-55 -55 -55 -55 -55 -56 -58 -60 -61 -59 -60 -60 -62 -62 -62 -60 -59 -59 -59 -58 -58 -59 -60 -60 -60 -61 -61 -61 -62 -64 -68 -67 -67 -68 -67 -65 -61 -60 -65 -62 -65 -65 -65 -62 -62 -65 -69 -71 -70 -67 -73 -65 -72 -74 -80 -73 -78 -74 -76 -76 -77 -79 -76 -78 -77 -72 -71 -76 -76 -75 -76 -74 -74 -72 -67 -67 -72 -70 -71 -71 -74 -74 -75 -74 -75 -75 -75 -78 -75 -74 -76 -74 -75 -70
-54 -55 -55 -55 -55 -56 -57 -58 -60 -59 -61 -62 -60 -61 -61 -61 -59 -59 -59 -59 -58 -59 -59 -59 -61 -63 -62 -62 -63 -64 -62 -67 -68 -69 -67 -62 -61 -68 -64 -65 -61 -61 -63 -62 -64 -62 -64 -66 -68 -66 -65 -67 -68 -73 -79 -77 -79 -77 -74 -75 -73 -72 -78 -74 -77 -76 -69 -74 -76 -75 -74 -74 -71 -67 -71 -68 -71 -72 -72 -73 -74 -74 -73 -74 -74 -74 -75 -76 -76 -78 -77 -77 -76 -72
-53 -55 -55 -55 -55 -55 -55 -56 -60 -58 -59 -61 -60 -60 -62 -60 -61 -60 -59 -58 -58 -59 -60 -59 -63 -64 -64 -61 -62 -68 -64 -67 -65 -62 -64 -63 -62 -67 -67 -65 -63 -61 -60 -62 -65 -65 -65 -65 -66 -65 -64 -70 -70 -77 -79 -74 -78 -74 -75 -71 -69 -71 -75 -76 -77 -75 -74 -68 -73 -74 -72 -72 -72 -68 -71 -70 -69 -72 -71 -74 -72 -73 -73 -73 -75 -73 -75 -74 -76 -76 -77 -76 -74 -73
-53 -54 -54 -54 -54 -54 -54 -56 -58 -57 -59 -61 -63 -61 -62 -61 -60 -60 -59 -58 -60 -60 -61 -59 -63 -65 -66 -64 -66 -66 -64 -65 -63 -60 -60 -60 -60 -64 -67 -65 -62 -64 -59 -62 -63 -64 -69 -66 -63 -64 -65 -70 -71 -72 -73 -72 -72 -76 -73 -76 -73 -76 -70 -71 -72 -71 -68 -73 -75 -74 -73 -72 -71 -67 -68 -70 -71 -69 -71 -72 -74 -72 -72 -73 -74 -72 -73 -75 -75 -73 -75 -76 -75 -73
-53 -54 -54 -54 -54 -54 -55 -58 -58 -60 -58 -64 -61 -60 -60 -60 -60 -62 -59 -58 -61 -61 -62 -60 -61 -63 -66 -63 -66 -66 -61 -63 -63 -62 -65 -65 -62 -64 -67 -66 -64 -62 -59 -62 -64 -64 -69 -68 -66 -66 -66 -67 -74 -73 -70 -75 -71 -73 -71 -73 -71 -75 -77 -68 -70 -76 -74 -67 -74 -73 -72 -71 -73 -70 -69 -66 -70 -73 -74 -72 -73 -72 -74 -72 -72 -71 -75 -76 -73 -75 -74 -76 -76 -75
-53 -54 -54 -54 -54 -54 -56 -58 -60 -63 -63 -64 -61 -61 -61 -61 -60 -60 -59 -59 -60 -62 -60 -62 -64 -62 -65 -68 -63 -62 -62 -60 -64 -67 -67 -63 -65 -67 -65 -66 -64 -62 -60 -60 -64 -65 -67 -70 -70 -68 -65 -65 -69 -77 -73 -76 -69 -73 -70 -70 -69 -71 -66 -67 -67 -75 -72 -68 -73 -72 -71 -71 -71 -69 -69 -67 -71 -72 -72 -73 -71 -73 -72 -71 -71 -73 -71 -72 -73 -75 -74 -75 -77 -75
-53 -53 -54 -54 -54 -55 -57 -58 -61 -63 -63 -63 -64 -62 -63 -62 -61 -60 -59 -60 -59 -60 -59 -63 -65 -67 -66 -66 -62 -61 -61 -60 -64 -68 -67 -64 -64 -67 -68 -66 -61 -62 -60 -60 -62 -64 -67 -69 -69 -69 -66 -68 -71 -76 -69 -73 -72 -70 -66 -69 -68 -67 -65 -66 -67 -72 -65 -65 -70 -72 -71 -71 -70 -67 -67 -66 -71 -72 -71 -73 -71 -73 -70 -72 -72 -72 -72 -75 -74 -73 -74 -74 -75 -77
-52 -52 -53 -54 -54 -55 -57 -59 -61 -63 -64 -64 -61 -60 -62 -59 -59 -59 -60 -63 -61 -59 -59 -60 -64 -65 -67 -65 -62 -61 -62 -61 -66 -66 -66 -63 -64 -67 -66 -62 -64 -65 -62 -61 -60 -59 -66 -68 -68 -66 -66 -67 -74 -77 -72 -65 -69 -70 -63 -66 -64 -65 -68 -65 -70 -65 -67 -67 -65 -68 -68 -69 -67 -69 -71 -72 -72 -73 -70 -71 -71 -72 -74 -74 -74 -74 -74 -72 -73 -72 -73 -75 -76 -75
-52 -52 -52 -54 -54 -55 -56 -59 -61 -64 -64 -63 -61 -62 -63 -61 -61 -62 -59 -65 -63 -61 -59 -60 -61 -67 -66 -65 -62 -62 -60 -63 -66 -65 -65 -64 -66 -67 -65 -63 -70 -65 -61 -61 -60 -59 -65 -66 -65 -64 -64 -68 -75 -76 -70 -62 -62 -62 -70 -64 -64 -72 -75 -71 -65 -66 -74 -73 -65 -67 -67 -70 -67 -67 -67 -69 -69 -69 -71 -73 -75 -76 -77 -74 -74 -74 -74 -72 -74 -75 -73 -75 -76 -76
-52 -52 -52 -54 -54 -54 -58 -60 -63 -66 -66 -63 -62 -64 -61 -60 -66 -59 -61 -65 -63 -60 -59 -60 -63 -66 -68 -62 -62 -65 -61 -62 -64 -63 -66 -68 -67 -67 -64 -65 -68 -65 -65 -62 -60 -59 -60 -61 -66 -66 -65 -68 -76 -67 -70 -62 -74 -74 -74 -71 -65 -71 -75 -73 -75 -70 -74 -73 -66 -65 -70 -69 -69 -72 -71 -70 -72 -73 -72 -72 -73 -73 -73 -74 -73 -74 -74 -73 -74 -75 -76 -75 -77 -76
-52 -52 -52 -53 -53 -54 -58 -59 -63 -66 -66 -62 -64 -62 -61 -64 -64 -68 -66 -64 -62 -61 -59 -60 -65 -67 -67 -64 -62 -60 -60 -59 -61 -63 -66 -69 -69 -68 -67 -68 -70 -70 -65 -63 -60 -59 -65 -64 -65 -66 -64 -71 -69 -65 -72 -61 -68 -75 -75 -74 -67 -74 -74 -74 -73 -73 -74 -73 -68 -69 -73 -66 -66 -69 -72 -73 -75 -70 -75 -75 -76 -76 -74 -74 -75 -74 -76 -75 -73 -75 -74 -76 -78 -77
-51 -51 -53 -53 -53 -60 -59 -60 -63 -65 -63 -65 -63 -66 -66 -61 -64 -64 -64 -61 -60 -59 -59 -62 -65 -69 -67 -66 -61 -65 -62 -59 -61 -62 -63 -66 -68 -71 -72 -70 -69 -64 -63 -60 -59 -58 -67 -68 -66 -62 -65 -74 -68 -61 -62 -61 -75 -75 -74 -71 -66 -73 -72 -72 -72 -73 -73 -70 -66 -66 -72 -72 -69 -72 -70 -68 -70 -73 -72 -75 -73 -73 -77 -75 -75 -75 -75 -76 -77 -76 -75 -77 -77 -77
-51 -51 -51 -53 -56 -59 -61 -62 -65 -66 -62 -64 -63 -65 -68 -72 -69 -70 -67 -64 -61 -60 -59 -62 -65 -69 -69 -65 -65 -65 -65 -59 -65 -64 -63 -65 -67 -72 -71 -70 -70 -66 -65 -64 -61 -60 -59 -69 -63 -61 -65 -73 -61 -62 -67 -74 -76 -75 -72 -72 -71 -71 -71 -72 -72 -73 -72 -72 -70 -69 -70 -74 -74 -74 -75 -73 -74 -73 -72 -72 -72 -75 -74 -74 -73 -75 -74 -76 -76 -75 -76 -77 -77 -78
-51 -51 -51 -51 -61 -70 -62 -63 -67 -63 -62 -63 -65 -68 -72 -75 -72 -65 -64 -62 -60 -60 -61 -65 -65 -69 -66 -65 -63 -62 -62 -61 -65 -67 -67 -66 -69 -73 -72 -70 -70 -64 -70 -71 -66 -67 -61 -59 -59 -65 -69 -65 -62 -63 -73 -70 -70 -72 -71 -73 -72 -71 -71 -72 -73 -73 -72 -73 -72 -69 -68 -73 -74 -74 -73 -74 -73 -74 -73 -72 -74 -73 -74 -74 -72 -73 -74 -75 -77 -77 -77 -77 -76 -77
-51 -51 -51 -51 -56 -63 -57 -59 -60 -58 -62 -64 -64 -67 -71 -71 -70 -67 -63 -59 -63 -59 -61 -64 -64 -67 -66 -65 -65 -65 -62 -63 -61 -63 -65 -67 -69 -72 -72 -72 -67 -68 -67 -65 -67 -69 -70 -59 -58 -60 -62 -59 -62 -72 -67 -66 -72 -73 -72 -71 -71 -72 -72 -71 -74 -74 -73 -72 -70 -67 -67 -69 -70 -73 -73 -74 -75 -74 -74 -73 -75 -73 -74 -74 -72 -75 -75 -75 -77 -78 -77 -76 -76 -76
-50 -50 -50 -51 -53 -58 -56 -57 -56 -58 -59 -66 -67 -66 -69 -70 -68 -63 -61 -59 -59 -58 -64 -67 -73 -70 -67 -64 -65 -65 -65 -65 -66 -66 -68 -66 -71 -72 -72 -68 -64 -70 -72 -63 -64 -61 -62 -61 -59 -58 -60 -59 -60 -62 -62 -62 -72 -72 -72 -72 -71 -71 -72 -72 -73 -73 -73 -72 -68 -71 -71 -66 -72 -72 -70 -71 -68 -75 -71 -73 -73 -73 -70 -71 -74 -75 -75 -76 -75 -77 -77 -76 -76 -77
-50 -50 -50 -51 -51 -56 -56 -58 -62 -61 -65 -71 -67 -63 -66 -72 -66 -63 -59 -62 -63 -60 -64 -67 -71 -69 -68 -67 -64 -63 -64 -60 -66 -69 -65 -67 -68 -72 -69 -67 -63 -66 -71 -70 -69 -70 -71 -69 -59 -62 -59 -62 -62 -68 -71 -66 -68 -71 -72 -71 -71 -70 -71 -74 -74 -73 -73 -69 -72 -72 -70 -66 -70 -66 -67 -69 -67 -70 -71 -73 -73 -69 -71 -74 -74 -74 -76 -74 -76 -75 -76 -75 -75 -77
-50 -50 -50 -51 -52 -54 -57 -57 -56 -57 -65 -70 -67 -65 -62 -65 -65 -60 -61 -62 -64 -60 -63 -66 -69 -68 -68 -69 -67 -66 -62 -60 -61 -68 -68 -68 -69 -73 -72 -72 -71 -63 -66 -69 -72 -71 -68 -59 -67 -69 -70 -72 -72 -74 -68 -72 -63 -69 -70 -71 -70 -70 -73 -74 -74 -74 -72 -73 -74 -75 -68 -72 -74 -71 -67 -73 -71 -73 -69 -74 -70 -71 -72 -75 -74 -75 -76 -74 -76 -76 -76 -75 -77 -75
-50 -50 -50 -50 -51 -54 -55 -54 -56 -63 -69 -71 -71 -63 -59 -64 -62 -62 -62 -63 -62 -60 -62 -63 -70 -67 -67 -67 -64 -64 -62 -60 -62 -65 -68 -72 -74 -73 -72 -71 -71 -66 -63 -63 -70 -66 -72 -59 -71 -72 -73 -74 -74 -74 -69 -70 -72 -63 -69 -71 -69 -70 -73 -75 -74 -74 -73 -73 -72 -71 -73 -74 -73 -73 -72 -72 -69 -68 -72 -73 -68 -72 -72 -75 -76 -76 -75 -73 -75 -74 -76 -74 -76 -75
-50 -50 -50 -50 -51 -54 -54 -56 -62 -65 -67 -65 -66 -60 -59 -60 -58 -59 -64 -67 -62 -63 -64 -67 -68 -68 -67 -68 -65 -64 -63 -60 -62 -65 -69 -73 -74 -73 -74 -67 -67 -69 -68 -65 -61 -59 -65 -60 -72 -72 -73 -71 -74 -73 -69 -71 -70 -71 -64 -64 -70 -74 -73 -76 -75 -74 -74 -73 -72 -72 -74 -73 -72 -72 -70 -71 -69 -66 -68 -67 -72 -72 -74 -74 -74 -74 -75 -74 -75 -74 -77 -74 -75 -75
-50 -50 -50 -51 -51 -51 -56 -60 -60 -64 -61 -65 -59 -58 -57 -59 -58 -59 -64 -66 -63 -64 -68 -69 -68 -67 -66 -68 -65 -66 -63 -61 -63 -68 -69 -67 -73 -74 -72 -73 -72 -65 -66 -64 -69 -71 -59 -63 -64 -64 -70 -72 -74 -73 -71 -70 -69 -68 -67 -72 -70 -65 -68 -75 -75 -75 -74 -74 -73 -72 -73 -75 -72 -74 -73 -73 -73 -66 -67 -68 -71 -73 -75 -73 -73 -73 -73 -74 -74 -74 -76 -77 -73 -74
-51 -51 -50 -50 -50 -52 -55 -59 -60 -62 -60 -59 -58 -57 -57 -58 -57 -60 -67 -67 -68 -71 -67 -65 -68 -66 -63 -68 -67 -65 -61 -62 -64 -63 -69 -70 -75 -74 -72 -72 -73 -72 -70 -72 -72 -65 -59 -65 -71 -72 -72 -72 -73 -73 -72 -71 -69 -65 -69 -74 -74 -74 -67 -73 -73 -74 -74 -74 -75 -74 -75 -77 -74 -73 -74 -74 -71 -66 -67 -69 -74 -73 -74 -73 -73 -72 -73 -73 -73 -75 -76 -75 -74 -74
-50 -50 -50 -50 -50 -51 -54 -53 -55 -56 -60 -56 -56 -56 -56 -56 -57 -62 -66 -66 -70 -68 -69 -64 -69 -64 -63 -65 -67 -66 -62 -62 -64 -69 -68 -69 -75 -73 -67 -64 -73 -72 -71 -65 -71 -63 -64 -60 -62 -69 -69 -71 -73 -71 -71 -69 -66 -71 -72 -72 -74 -74 -70 -72 -75 -74 -74 -75 -75 -75 -74 -74 -74 -74 -72 -73 -72 -71 -67 -69 -71 -73 -74 -73 -73 -72 -71 -73 -75 -76 -76 -74 -73 -74
-49 -49 -49 -49 -50 -50 -53 -57 -59 -57 -62 -57 -60 -55 -55 -56 -58 -68 -70 -68 -69 -68 -68 -67 -64 -66 -64 -65 -66 -65 -64 -60 -65 -68 -68 -73 -73 -73 -69 -69 -64 -70 -71 -66 -63 -65 -65 -62 -64 -62 -65 -68 -73 -72 -71 -70 -70 -73 -73 -72 -74 -75 -74 -67 -74 -73 -73 -75 -73 -74 -75 -71 -72 -71 -74 -71 -73 -72 -68 -67 -70 -73 -72 -73 -73 -71 -73 -75 -73 -73 -75 -73 -74 -71
-50 -49 -49 -49 -50 -50 -55 -57 -63 -62 -62 -60 -56 -55 -55 -57 -60 -70 -69 -67 -68 -65 -68 -67 -64 -64 -66 -63 -68 -64 -63 -62 -64 -66 -72 -73 -73 -73 -74 -73 -67 -63 -64 -73 -66 -71 -61 -72 -72 -62 -72 -67 -66 -71 -70 -72 -74 -73 -74 -73 -74 -75 -75 -71 -73 -72 -73 -73 -73 -74 -74 -72 -73 -72 -69 -71 -70 -72 -69 -67 -70 -72 -74 -73 -73 -73 -73 -74 -72 -74 -74 -73 -73 -72
-49 -50 -49 -49 -49 -49 -51 -57 -58 -63 -58 -58 -57 -54 -55 -56 -63 -68 -69 -65 -68 -66 -72 -67 -67 -63 -63 -63 -64 -67 -63 -63 -68 -71 -74 -72 -69 -73 -73 -74 -67 -66 -67 -65 -61 -60 -63 -73 -70 -65 -73 -73 -64 -69 -68 -74 -74 -74 -73 -75 -75 -75 -74 -73 -71 -71 -69 -71 -71 -72 -73 -72 -69 -71 -67 -71 -67 -72 -69 -67 -69 -70 -73 -73 -73 -72 -74 -74 -73 -73 -72 -73 -72 -73
-49 -50 -50 -49 -49 -50 -50 -54 -57 -59 -57 -55 -55 -54 -55 -56 -60 -68 -69 -64 -65 -64 -73 -68 -66 -63 -64 -68 -65 -61 -64 -66 -65 -74 -74 -72 -67 -72 -73 -69 -68 -65 -61 -63 -65 -65 -66 -74 -73 -63 -74 -75 -65 -71 -71 -69 -74 -75 -74 -75 -74 -74 -73 -72 -71 -68 -69 -73 -74 -74 -74 -71 -73 -71 -71 -71 -69 -69 -67 -70 -66 -70 -72 -73 -69 -68 -69 -73 -71 -72 -71 -72 -72 -71
-49 -49 -50 -48 -48 -48 -49 -57 -59 -59 -55 -53 -52 -53 -55 -56 -60 -71 -66 -64 -63 -64 -67 -66 -67 -67 -68 -69 -66 -65 -65 -62 -65 -71 -71 -72 -65 -73 -72 -73 -68 -69 -63 -65 -73 -64 -67 -73 -74 -63 -72 -74 -72 -69 -73 -74 -69 -73 -75 -74 -73 -72 -72 -70 -72 -69 -71 -72 -72 -72 -75 -75 -71 -72 -72 -72 -71 -71 -70 -72 -71 -66 -70 -72 -68 -73 -70 -68 -69 -69 -71 -75 -75 -73
-49 -49 -49 -48 -49 -48 -49 -51 -55 -54 -54 -53 -55 -53 -55 -59 -59 -68 -67 -64 -63 -63 -68 -67 -66 -66 -67 -66 -68 -67 -63 -65 -65 -67 -69 -67 -69 -71 -67 -71 -72 -66 -64 -67 -73 -70 -65 -75 -75 -65 -74 -74 -73 -68 -74 -74 -73 -73 -74 -73 -74 -74 -74 -74 -73 -72 -69 -70 -72 -74 -72 -71 -70 -72 -71 -72 -72 -67 -71 -72 -71 -67 -68 -73 -72 -73 -74 -72 -72 -73 -73 -74 -74 -75
-49 -49 -49 -48 -49 -49 -49 -54 -57 -53 -53 -51 -53 -56 -58 -60 -63 -66 -63 -62 -62 -69 -68 -65 -66 -66 -65 -63 -67 -65 -64 -66 -71 -70 -71 -66 -67 -71 -72 -71 -65 -63 -66 -74 -74 -71 -65 -74 -75 -68 -66 -71 -74 -74 -70 -73 -75 -74 -73 -73 -73 -74 -74 -74 -71 -70 -68 -73 -72 -72 -72 -74 -71 -72 -73 -72 -70 -71 -71 -73 -72 -68 -66 -68 -68 -75 -73 -73 -73 -73 -73 -74 -75 -75
-49 -50 -48 -48 -48 -48 -49 -54 -57 -53 -52 -55 -53 -57 -58 -58 -58 -64 -62 -60 -62 -65 -64 -63 -63 -64 -63 -62 -66 -65 -66 -66 -70 -69 -69 -68 -70 -70 -73 -69 -70 -65 -67 -70 -74 -75 -74 -73 -75 -74 -72 -70 -73 -74 -74 -73 -74 -74 -73 -73 -73 -74 -73 -74 -71 -70 -69 -72 -74 -74 -74 -71 -72 -74 -74 -72 -71 -73 -72 -70 -73 -72 -68 -70 -75 -73 -75 -75 -75 -73 -74 -75 -76 -74
-49 -50 -49 -48 -48 -48 -48 -48 -57 -53 -49 -52 -54 -58 -58 -62 -62 -61 -63 -60 -58 -66 -63 -62 -59 -63 -62 -61 -67 -66 -65 -72 -70 -67 -66 -67 -63 -70 -68 -67 -66 -66 -73 -74 -75 -75 -74 -73 -76 -75 -74 -67 -72 -74 -76 -75 -74 -74 -74 -73 -73 -73 -73 -71 -73 -71 -71 -71 -72 -72 -71 -72 -73 -74 -74 -73 -72 -72 -72 -72 -72 -71 -67 -68 -72 -75 -75 -75 -74 -74 -75 -76 -75 -75
-50 -50 -49 -48 -48 -48 -48 -49 -51 -53 -50 -57 -59 -59 -61 -64 -65 -66 -63 -63 -58 -64 -61 -61 -60 -62 -59 -64 -67 -65 -67 -72 -66 -68 -71 -66 -70 -60 -68 -71 -69 -73 -72 -75 -75 -73 -72 -76 -75 -76 -76 -70 -71 -76 -76 -75 -75 -74 -74 -74 -73 -74 -73 -72 -73 -71 -70 -69 -73 -73 -73 -74 -74 -74 -73 -72 -73 -71 -75 -74 -74 -74 -73 -68 -69 -72 -75 -72 -75 -75 -75 -73 -76 -76
-50 -49 -49 -48 -48 -48 -48 -50 -53 -55 -56 -56 -59 -60 -61 -66 -65 -66 -64 -66 -61 -60 -59 -62 -56 -61 -58 -64 -64 -62 -67 -72 -66 -64 -67 -65 -70 -66 -66 -66 -67 -74 -74 -75 -75 -75 -75 -75 -75 -69 -76 -73 -68 -74 -74 -73 -74 -75 -75 -75 -74 -75 -74 -73 -73 -73 -71 -70 -72 -73 -73 -72 -74 -74 -73 -73 -73 -74 -75 -74 -75 -74 -70 -71 -67 -70 -75 -70 -73 -73 -71 -75 -76 -76
-49 -49 -49 -48 -48 -47 -47 -50 -51 -52 -53 -52 -54 -57 -62 -65 -64 -69 -60 -68 -62 -54 -61 -64 -58 -58 -60 -64 -64 -62 -66 -69 -64 -67 -62 -63 -65 -61 -65 -67 -73 -73 -74 -75 -75 -74 -74 -75 -74 -75 -77 -73 -74 -69 -73 -72 -74 -74 -75 -74 -75 -74 -73 -71 -71 -72 -72 -71 -70 -72 -73 -72 -73 -73 -73 -74 -72 -72 -73 -72 -73 -74 -69 -67 -67 -69 -74 -70 -73 -73 -75 -75 -76 -76
