analysis/data/raw_data/dwd_gridded/monthly_air_temperature_min_01_Jan_grids_germany_monthly_air_temp_min_190901.asc
NCOLS 654
NROWS 866
XLLCORNER 3280414.711633467
YLLCORNER 5237500.62890625
CELLSIZE 1000
NODATA_VALUE -999
[rows 697 to 737 of 866, columns 188 to 281 of 654]
-54 -64 -64 -59 -58 -56 -55 -57 -58 -57 -58 -48 -60 -56 -58 -57 -57 -56 -57 -54 -56 -58 -58 -58 -57 -58 -57 -55 -55 -54 -52 -52 -52 -54 -55 -51 -53 -52 -52 -50 -50 -47 -47 -47 -45 -43 -42 -42 -43 -43 -46 -48 -55 -55 -51 -49 -48 -49 -51 -55 -50 -50 -55 -59 -56 -54 -52 -55 -52 -53 -54 -57 -60 -55 -52 -52 -52 -55 -52 -53 -57 -58 -59 -58 -55 -54 -54 -54 -55 -59 -58 -56 -58 -58
-55 -66 -63 -59 -58 -54 -58 -59 -59 -58 -60 -57 -55 -59 -58 -59 -59 -59 -56 -55 -54 -56 -58 -56 -57 -58 -57 -56 -57 -56 -53 -53 -51 -53 -55 -55 -54 -55 -55 -52 -50 -47 -48 -47 -43 -43 -44 -43 -43 -44 -46 -50 -52 -55 -58 -51 -49 -55 -50 -56 -57 -50 -56 -55 -58 -57 -54 -55 -57 -60 -60 -58 -62 -62 -62 -57 -53 -52 -53 -57 -61 -59 -60 -57 -54 -57 -59 -55 -57 -57 -59 -58 -58 -58
-60 -60 -58 -59 -57 -59 -60 -58 -59 -57 -58 -50 -57 -59 -59 -59 -60 -59 -56 -55 -55 -56 -57 -55 -56 -56 -56 -56 -57 -57 -56 -58 -54 -53 -53 -54 -56 -54 -55 -53 -50 -47 -46 -45 -39 -42 -44 -50 -48 -44 -44 -50 -50 -54 -54 -54 -49 -55 -55 -54 -56 -51 -53 -54 -57 -59 -59 -57 -60 -58 -58 -61 -62 -59 -61 -59 -60 -61 -61 -59 -57 -58 -60 -57 -58 -55 -58 -57 -56 -58 -58 -58 -58 -61
-71 -59 -64 -61 -60 -58 -60 -60 -60 -59 -59 -51 -58 -58 -58 -60 -59 -61 -60 -60 -56 -55 -56 -55 -58 -56 -56 -56 -56 -56 -54 -55 -55 -53 -53 -53 -55 -55 -53 -53 -51 -51 -49 -46 -40 -43 -50 -51 -47 -49 -45 -46 -53 -53 -51 -56 -55 -54 -58 -55 -58 -57 -52 -54 -58 -59 -57 -60 -58 -61 -57 -59 -58 -60 -57 -61 -58 -61 -58 -58 -60 -59 -59 -58 -58 -59 -58 -59 -60 -62 -61 -58 -58 -61
-63 -67 -57 -56 -61 -61 -60 -60 -57 -59 -59 -59 -58 -58 -59 -60 -60 -59 -59 -60 -59 -56 -55 -56 -59 -58 -58 -56 -59 -59 -58 -57 -57 -56 -56 -56 -53 -53 -52 -51 -50 -46 -45 -44 -48 -51 -50 -47 -46 -47 -47 -46 -53 -51 -51 -51 -57 -55 -55 -58 -56 -53 -54 -57 -58 -55 -58 -59 -60 -56 -55 -55 -61 -61 -60 -58 -58 -58 -59 -59 -59 -57 -58 -59 -60 -62 -62 -63 -62 -64 -64 -62 -59 -61
-60 -67 -57 -64 -62 -61 -62 -61 -60 -61 -59 -53 -55 -59 -59 -60 -58 -58 -57 -58 -56 -57 -56 -60 -60 -60 -58 -58 -57 -56 -57 -57 -56 -56 -57 -56 -54 -54 -54 -54 -51 -48 -49 -52 -51 -53 -53 -52 -53 -52 -51 -46 -49 -53 -51 -50 -54 -55 -57 -58 -58 -54 -58 -59 -58 -55 -56 -56 -58 -60 -58 -55 -57 -58 -60 -58 -58 -57 -58 -55 -56 -58 -59 -62 -66 -59 -57 -58 -61 -64 -64 -70 -66 -62
-59 -69 -66 -64 -65 -63 -62 -62 -61 -57 -52 -50 -53 -58 -59 -60 -60 -63 -62 -62 -62 -60 -56 -60 -61 -60 -59 -58 -59 -58 -58 -56 -58 -59 -59 -57 -56 -57 -55 -55 -53 -52 -52 -52 -53 -52 -53 -55 -54 -55 -53 -48 -47 -47 -47 -48 -50 -53 -53 -56 -57 -57 -55 -58 -58 -55 -57 -56 -56 -58 -59 -56 -53 -58 -59 -59 -58 -57 -55 -56 -58 -58 -57 -58 -61 -58 -57 -58 -61 -62 -61 -64 -67 -67
-67 -70 -68 -63 -64 -64 -64 -63 -63 -61 -59 -54 -55 -57 -57 -59 -58 -60 -61 -61 -59 -60 -57 -57 -60 -59 -61 -60 -59 -58 -57 -57 -57 -58 -58 -59 -58 -58 -56 -55 -54 -53 -52 -53 -52 -53 -52 -55 -55 -55 -55 -54 -52 -52 -52 -48 -48 -50 -51 -50 -52 -55 -56 -54 -57 -55 -54 -56 -56 -56 -57 -57 -53 -54 -56 -57 -56 -56 -55 -56 -56 -56 -57 -58 -58 -57 -57 -58 -63 -59 -62 -62 -68 -66
-69 -65 -67 -66 -64 -66 -65 -64 -61 -61 -58 -55 -51 -58 -57 -58 -59 -62 -63 -64 -62 -61 -58 -59 -59 -59 -61 -60 -58 -58 -58 -58 -57 -59 -59 -58 -58 -58 -58 -55 -53 -53 -53 -53 -53 -54 -55 -55 -55 -54 -53 -53 -53 -53 -52 -52 -48 -48 -47 -48 -48 -48 -54 -57 -52 -53 -56 -54 -53 -53 -51 -51 -51 -53 -53 -56 -56 -55 -55 -56 -57 -57 -57 -58 -56 -56 -58 -59 -64 -59 -63 -61 -63 -71
-70 -70 -68 -66 -66 -65 -63 -63 -61 -59 -59 -57 -50 -53 -57 -62 -62 -61 -62 -61 -62 -61 -61 -58 -60 -59 -60 -60 -59 -59 -58 -57 -59 -59 -58 -58 -57 -58 -56 -57 -55 -54 -54 -54 -54 -54 -54 -54 -52 -52 -51 -52 -52 -52 -52 -52 -52 -49 -50 -51 -50 -50 -50 -52 -52 -50 -50 -51 -52 -53 -53 -53 -54 -51 -51 -52 -52 -53 -54 -55 -56 -55 -57 -56 -57 -55 -58 -61 -65 -61 -59 -64 -61 -65
-70 -71 -69 -67 -66 -65 -63 -62 -62 -61 -57 -58 -52 -55 -60 -60 -59 -62 -61 -62 -62 -62 -61 -60 -60 -58 -60 -60 -59 -60 -58 -58 -58 -56 -57 -57 -59 -58 -55 -56 -57 -56 -54 -55 -55 -54 -54 -54 -54 -53 -52 -52 -51 -50 -52 -52 -49 -50 -51 -53 -53 -50 -50 -49 -51 -51 -53 -53 -54 -54 -54 -54 -54 -52 -53 -53 -54 -54 -55 -54 -54 -54 -54 -55 -55 -56 -57 -61 -61 -60 -57 -62 -60 -62
-70 -67 -68 -66 -63 -63 -59 -62 -54 -61 -60 -53 -58 -57 -57 -61 -60 -60 -60 -62 -61 -61 -63 -62 -59 -61 -61 -60 -60 -60 -59 -58 -58 -60 -59 -59 -58 -58 -57 -56 -56 -56 -55 -56 -56 -56 -55 -54 -54 -53 -52 -52 -52 -52 -51 -49 -51 -51 -51 -51 -49 -49 -51 -52 -52 -51 -51 -53 -53 -54 -54 -54 -54 -51 -54 -55 -54 -53 -54 -57 -55 -55 -55 -55 -55 -55 -56 -58 -58 -57 -58 -59 -67 -72
-65 -69 -67 -66 -64 -63 -62 -57 -61 -59 -61 -52 -58 -63 -59 -63 -62 -62 -60 -61 -61 -60 -62 -60 -58 -63 -61 -61 -60 -60 -60 -59 -59 -61 -61 -61 -59 -57 -59 -58 -56 -58 -58 -56 -56 -56 -55 -55 -53 -53 -53 -52 -51 -52 -49 -51 -51 -50 -49 -49 -50 -52 -51 -51 -53 -53 -51 -52 -53 -54 -55 -54 -53 -53 -53 -54 -54 -54 -54 -56 -57 -57 -55 -56 -57 -57 -56 -55 -56 -57 -59 -59 -62 -72
-68 -68 -67 -65 -64 -65 -58 -62 -62 -56 -60 -52 -54 -59 -63 -63 -63 -62 -63 -60 -62 -63 -60 -63 -64 -64 -65 -62 -62 -63 -62 -62 -62 -62 -62 -63 -61 -59 -60 -61 -59 -59 -59 -58 -57 -57 -56 -56 -54 -54 -53 -53 -54 -53 -53 -51 -50 -49 -48 -49 -49 -46 -51 -50 -52 -51 -53 -51 -52 -52 -53 -53 -53 -54 -53 -55 -53 -53 -56 -56 -54 -55 -54 -54 -56 -58 -57 -56 -56 -58 -63 -64 -64 -70
-68 -66 -66 -65 -65 -65 -58 -63 -63 -63 -62 -53 -60 -61 -63 -62 -65 -63 -63 -64 -64 -63 -61 -66 -65 -62 -64 -64 -64 -66 -65 -65 -64 -65 -64 -63 -63 -61 -60 -60 -61 -60 -59 -60 -61 -58 -58 -57 -58 -57 -56 -56 -56 -54 -52 -52 -51 -49 -48 -49 -50 -49 -50 -52 -50 -51 -53 -52 -51 -53 -53 -51 -53 -52 -53 -54 -53 -53 -55 -54 -55 -55 -56 -56 -57 -57 -58 -58 -57 -57 -63 -69 -70 -71
-67 -66 -66 -65 -63 -62 -65 -63 -62 -60 -60 -53 -61 -61 -62 -63 -65 -64 -65 -65 -64 -63 -64 -65 -65 -64 -63 -64 -65 -66 -66 -67 -66 -65 -62 -63 -63 -63 -62 -61 -62 -62 -60 -59 -60 -61 -59 -57 -58 -59 -58 -56 -54 -54 -54 -51 -50 -50 -48 -51 -52 -49 -48 -48 -49 -51 -50 -51 -53 -53 -53 -52 -53 -53 -52 -54 -54 -54 -55 -54 -55 -56 -58 -57 -57 -63 -60 -61 -61 -57 -61 -69 -72 -70
-67 -65 -65 -65 -63 -64 -64 -63 -62 -62 -62 -58 -60 -61 -59 -59 -61 -65 -65 -64 -65 -64 -65 -65 -65 -65 -65 -65 -66 -66 -66 -66 -67 -67 -66 -64 -62 -64 -63 -62 -62 -62 -64 -58 -62 -62 -61 -58 -60 -58 -57 -56 -55 -55 -54 -52 -51 -48 -48 -49 -51 -52 -50 -49 -49 -49 -50 -50 -52 -51 -51 -51 -53 -53 -54 -55 -54 -54 -55 -56 -56 -57 -59 -58 -62 -60 -65 -64 -60 -60 -59 -71 -70 -68
-68 -68 -67 -67 -65 -65 -64 -64 -63 -63 -62 -60 -60 -57 -61 -65 -65 -65 -66 -65 -65 -65 -65 -65 -65 -65 -65 -66 -67 -68 -69 -69 -68 -69 -67 -67 -67 -68 -67 -64 -62 -62 -62 -62 -61 -61 -63 -58 -60 -58 -57 -55 -56 -54 -52 -50 -50 -49 -49 -51 -49 -51 -51 -50 -50 -49 -49 -50 -50 -51 -51 -51 -52 -55 -54 -54 -54 -57 -56 -57 -59 -64 -63 -63 -70 -70 -67 -64 -66 -69 -59 -59 -70 -62
-62 -67 -66 -66 -66 -65 -64 -62 -62 -62 -62 -62 -59 -61 -60 -65 -66 -66 -64 -65 -65 -65 -65 -65 -66 -66 -67 -68 -70 -70 -69 -70 -72 -72 -71 -70 -72 -70 -68 -68 -67 -66 -64 -63 -64 -60 -60 -61 -60 -58 -57 -56 -55 -55 -54 -52 -51 -51 -52 -52 -51 -51 -50 -50 -49 -49 -50 -48 -50 -49 -51 -50 -51 -55 -56 -59 -60 -60 -62 -62 -67 -68 -66 -64 -61 -65 -63 -62 -69 -64 -61 -60 -60 -60
-64 -67 -66 -66 -64 -64 -64 -65 -65 -61 -62 -61 -58 -61 -63 -65 -65 -65 -66 -65 -65 -64 -64 -65 -66 -66 -69 -71 -70 -70 -71 -72 -73 -73 -73 -73 -73 -73 -72 -71 -72 -71 -69 -69 -68 -65 -61 -59 -58 -57 -58 -56 -54 -54 -54 -52 -47 -53 -51 -50 -50 -52 -51 -49 -50 -49 -50 -50 -50 -51 -50 -51 -53 -53 -60 -60 -60 -62 -70 -66 -67 -63 -67 -70 -69 -60 -64 -61 -72 -72 -63 -60 -63 -61
-65 -64 -65 -64 -63 -63 -64 -63 -62 -62 -62 -60 -60 -65 -66 -62 -65 -66 -66 -65 -64 -64 -64 -67 -67 -67 -70 -70 -70 -72 -73 -73 -73 -73 -75 -75 -73 -72 -71 -73 -72 -73 -69 -69 -65 -64 -62 -62 -62 -60 -57 -54 -53 -53 -54 -54 -52 -52 -51 -50 -51 -56 -55 -53 -49 -49 -49 -50 -51 -51 -51 -51 -52 -54 -60 -69 -65 -63 -65 -66 -69 -63 -69 -63 -70 -59 -60 -62 -63 -70 -62 -62 -70 -63
-64 -64 -64 -58 -60 -62 -62 -62 -63 -60 -60 -56 -60 -68 -66 -67 -67 -68 -66 -66 -64 -64 -64 -67 -69 -70 -70 -70 -70 -72 -74 -76 -75 -75 -74 -76 -75 -76 -72 -72 -71 -70 -68 -68 -65 -64 -65 -62 -60 -58 -55 -56 -55 -56 -55 -55 -53 -52 -52 -52 -51 -51 -54 -54 -50 -52 -54 -51 -51 -51 -52 -52 -52 -56 -60 -69 -68 -66 -63 -68 -69 -66 -65 -62 -62 -59 -65 -61 -67 -59 -60 -70 -71 -62
-63 -62 -62 -61 -60 -61 -61 -61 -61 -64 -63 -59 -64 -67 -68 -67 -66 -67 -67 -65 -64 -63 -63 -64 -70 -70 -70 -72 -73 -72 -74 -78 -77 -76 -73 -74 -76 -76 -77 -77 -76 -74 -73 -69 -69 -66 -65 -63 -59 -58 -58 -57 -56 -54 -57 -55 -55 -52 -52 -55 -54 -52 -51 -52 -50 -55 -60 -51 -52 -54 -55 -53 -53 -58 -60 -66 -65 -63 -62 -61 -66 -66 -60 -61 -62 -66 -71 -71 -63 -68 -62 -70 -71 -70
-58 -62 -58 -62 -65 -63 -65 -58 -61 -62 -63 -58 -62 -66 -67 -68 -68 -67 -66 -66 -63 -62 -63 -64 -64 -67 -70 -72 -72 -73 -71 -73 -73 -78 -74 -75 -74 -77 -75 -76 -76 -72 -71 -69 -68 -67 -64 -62 -56 -56 -58 -58 -57 -56 -56 -55 -55 -53 -52 -53 -55 -54 -53 -51 -51 -55 -63 -54 -65 -66 -57 -56 -53 -55 -56 -67 -66 -67 -68 -64 -61 -63 -60 -62 -62 -69 -71 -72 -71 -71 -70 -70 -69 -68
-60 -63 -63 -62 -65 -65 -64 -63 -58 -63 -60 -62 -65 -67 -67 -67 -67 -67 -66 -67 -64 -63 -62 -63 -63 -65 -67 -70 -68 -75 -75 -76 -78 -76 -77 -75 -73 -76 -75 -77 -75 -74 -71 -70 -68 -68 -64 -62 -57 -60 -57 -57 -57 -58 -57 -55 -55 -55 -55 -54 -54 -56 -56 -54 -53 -51 -54 -59 -58 -66 -60 -65 -62 -53 -59 -64 -67 -64 -66 -61 -64 -61 -70 -67 -70 -69 -71 -70 -70 -69 -70 -70 -70 -69
-60 -63 -64 -62 -65 -65 -65 -63 -58 -60 -61 -61 -66 -67 -67 -67 -66 -67 -66 -66 -65 -63 -63 -62 -63 -66 -67 -67 -70 -72 -76 -77 -77 -78 -80 -77 -76 -76 -75 -78 -77 -75 -73 -68 -68 -68 -66 -63 -60 -61 -59 -58 -58 -58 -58 -58 -57 -56 -57 -55 -55 -56 -56 -63 -58 -51 -51 -61 -64 -64 -64 -58 -53 -57 -64 -62 -64 -66 -66 -68 -68 -62 -65 -71 -70 -69 -71 -70 -69 -69 -70 -69 -70 -70
-62 -63 -62 -63 -62 -62 -64 -63 -65 -60 -63 -59 -66 -65 -67 -67 -67 -66 -66 -65 -64 -63 -63 -64 -64 -65 -66 -69 -69 -71 -75 -77 -77 -79 -76 -76 -77 -79 -78 -78 -77 -75 -72 -69 -69 -67 -65 -61 -63 -62 -60 -58 -58 -58 -60 -59 -60 -58 -58 -56 -64 -65 -65 -63 -59 -52 -52 -61 -63 -64 -63 -64 -61 -63 -64 -63 -66 -68 -69 -68 -64 -69 -70 -70 -70 -69 -70 -70 -70 -69 -69 -69 -70 -69
-63 -63 -64 -64 -62 -61 -60 -64 -65 -64 -58 -59 -63 -65 -66 -67 -66 -66 -64 -65 -65 -64 -64 -64 -65 -67 -68 -69 -70 -71 -78 -80 -81 -81 -81 -83 -81 -80 -80 -78 -76 -76 -71 -69 -67 -67 -65 -62 -64 -63 -61 -59 -58 -60 -61 -60 -65 -62 -60 -56 -55 -67 -65 -63 -62 -55 -51 -59 -62 -62 -63 -62 -61 -61 -64 -66 -65 -68 -70 -68 -71 -70 -69 -71 -70 -69 -69 -70 -69 -69 -69 -70 -71 -70
-64 -64 -63 -63 -60 -62 -60 -62 -60 -59 -63 -60 -64 -65 -66 -66 -66 -65 -65 -65 -64 -65 -65 -66 -66 -65 -68 -69 -69 -71 -75 -77 -79 -80 -82 -84 -81 -81 -80 -78 -74 -75 -69 -70 -70 -68 -67 -65 -63 -63 -63 -59 -58 -60 -62 -58 -60 -62 -64 -59 -58 -63 -66 -64 -62 -62 -58 -51 -59 -59 -60 -62 -63 -65 -64 -66 -68 -69 -70 -69 -71 -69 -69 -70 -70 -69 -69 -69 -69 -69 -70 -70 -71 -70
-64 -64 -63 -60 -63 -63 -62 -66 -65 -65 -62 -63 -64 -66 -65 -65 -65 -65 -65 -64 -64 -64 -65 -67 -68 -68 -68 -67 -69 -70 -77 -75 -79 -81 -81 -82 -80 -79 -77 -75 -76 -72 -73 -72 -71 -68 -67 -65 -63 -62 -63 -61 -60 -58 -58 -57 -56 -56 -59 -60 -67 -67 -65 -65 -63 -63 -61 -60 -51 -51 -60 -61 -63 -65 -65 -68 -69 -69 -70 -68 -69 -68 -69 -69 -69 -69 -69 -68 -69 -69 -70 -71 -71 -71
-63 -59 -61 -64 -65 -63 -66 -66 -66 -65 -64 -65 -65 -64 -65 -66 -66 -65 -64 -65 -64 -64 -66 -69 -68 -68 -72 -70 -70 -70 -71 -73 -74 -76 -78 -79 -81 -78 -77 -79 -76 -75 -70 -72 -71 -69 -67 -66 -64 -65 -63 -62 -63 -60 -60 -61 -64 -58 -57 -60 -67 -67 -63 -65 -63 -63 -61 -57 -61 -62 -58 -63 -66 -65 -68 -69 -68 -70 -70 -70 -70 -69 -69 -69 -69 -68 -69 -69 -70 -69 -69 -70 -71 -70
-61 -63 -63 -65 -66 -65 -65 -66 -65 -62 -65 -65 -65 -65 -66 -66 -66 -65 -65 -65 -65 -65 -66 -68 -68 -67 -68 -71 -70 -71 -71 -75 -77 -78 -75 -77 -78 -77 -76 -78 -77 -75 -71 -70 -70 -70 -68 -67 -66 -65 -65 -65 -63 -64 -62 -70 -74 -62 -58 -63 -68 -67 -66 -60 -59 -64 -63 -62 -63 -64 -64 -65 -65 -65 -67 -69 -69 -69 -69 -69 -70 -70 -70 -69 -68 -68 -68 -69 -69 -69 -70 -70 -71 -69
-61 -63 -66 -68 -65 -66 -67 -66 -66 -66 -65 -66 -65 -64 -64 -65 -65 -65 -66 -65 -65 -65 -65 -67 -69 -68 -68 -69 -69 -69 -71 -72 -75 -74 -75 -76 -79 -78 -77 -77 -75 -72 -72 -69 -69 -69 -67 -67 -67 -68 -69 -67 -64 -68 -63 -75 -71 -74 -64 -57 -67 -67 -62 -61 -62 -66 -65 -64 -64 -65 -66 -66 -66 -67 -70 -70 -69 -68 -69 -68 -69 -71 -69 -68 -68 -69 -68 -69 -69 -69 -69 -71 -70 -69
-62 -62 -63 -66 -67 -67 -66 -66 -64 -66 -66 -65 -64 -65 -64 -63 -65 -65 -65 -65 -66 -64 -65 -66 -67 -68 -69 -68 -68 -68 -69 -70 -71 -72 -73 -76 -74 -78 -77 -76 -74 -72 -71 -69 -68 -67 -66 -65 -69 -75 -68 -68 -72 -75 -70 -76 -76 -66 -61 -67 -58 -59 -65 -65 -68 -68 -68 -67 -66 -66 -69 -70 -67 -67 -69 -69 -70 -69 -70 -71 -70 -70 -71 -69 -69 -69 -71 -70 -69 -69 -68 -70 -70 -70
-63 -66 -65 -64 -65 -65 -64 -66 -66 -66 -65 -64 -63 -63 -64 -65 -65 -64 -65 -67 -66 -68 -66 -66 -65 -67 -67 -67 -66 -67 -68 -69 -70 -71 -72 -75 -71 -73 -74 -73 -72 -72 -70 -69 -68 -69 -67 -66 -65 -68 -65 -72 -73 -75 -75 -75 -75 -74 -62 -64 -70 -59 -68 -64 -71 -69 -70 -70 -70 -68 -68 -71 -70 -71 -71 -71 -72 -73 -71 -69 -71 -71 -71 -70 -70 -70 -70 -70 -70 -70 -69 -68 -69 -69
-61 -66 -63 -64 -64 -65 -66 -65 -64 -63 -62 -62 -61 -61 -63 -65 -65 -65 -66 -67 -66 -66 -67 -67 -66 -67 -65 -66 -66 -67 -69 -70 -73 -72 -73 -73 -70 -71 -71 -72 -72 -72 -71 -69 -69 -68 -67 -69 -65 -65 -65 -69 -73 -77 -74 -74 -75 -75 -73 -72 -70 -60 -70 -70 -71 -70 -70 -70 -71 -70 -72 -71 -71 -72 -70 -70 -70 -70 -70 -71 -72 -69 -70 -71 -70 -70 -70 -70 -70 -69 -69 -67 -68 -68
-63 -67 -65 -64 -64 -65 -65 -64 -63 -62 -63 -60 -63 -63 -63 -65 -65 -66 -67 -66 -63 -68 -68 -66 -63 -64 -66 -67 -67 -69 -73 -69 -72 -74 -74 -69 -71 -70 -71 -71 -71 -72 -71 -71 -70 -69 -71 -70 -69 -69 -67 -65 -67 -75 -73 -74 -73 -75 -72 -73 -70 -72 -63 -69 -68 -70 -68 -70 -70 -71 -73 -72 -73 -72 -72 -71 -70 -72 -73 -70 -71 -71 -71 -70 -71 -71 -71 -70 -70 -69 -69 -69 -66 -68
-66 -65 -64 -63 -66 -65 -63 -64 -63 -62 -63 -61 -63 -64 -62 -63 -64 -66 -66 -67 -68 -63 -63 -62 -66 -67 -68 -68 -68 -73 -71 -69 -74 -73 -72 -70 -70 -69 -71 -72 -74 -75 -77 -73 -73 -72 -71 -68 -67 -71 -69 -71 -77 -78 -76 -74 -73 -75 -75 -72 -71 -72 -70 -67 -71 -70 -66 -70 -72 -72 -75 -72 -72 -74 -75 -73 -73 -73 -72 -71 -71 -72 -72 -72 -72 -71 -71 -70 -69 -68 -68 -67 -66 -68
-65 -65 -65 -64 -66 -65 -65 -63 -63 -63 -60 -58 -59 -58 -60 -60 -66 -62 -67 -65 -64 -63 -67 -67 -63 -68 -69 -68 -73 -72 -70 -70 -69 -71 -71 -68 -69 -69 -69 -70 -72 -73 -73 -72 -70 -71 -70 -69 -69 -66 -73 -75 -71 -74 -75 -73 -74 -75 -74 -71 -72 -71 -73 -70 -65 -69 -70 -75 -74 -74 -73 -75 -75 -75 -74 -74 -74 -73 -74 -72 -72 -72 -71 -72 -72 -72 -70 -70 -69 -70 -69 -70 -70 -69
-63 -65 -65 -66 -65 -61 -66 -59 -59 -63 -62 -62 -63 -63 -62 -66 -62 -64 -64 -61 -69 -67 -68 -67 -66 -66 -67 -71 -72 -71 -72 -71 -72 -71 -70 -68 -70 -69 -70 -70 -75 -74 -74 -76 -74 -74 -73 -72 -78 -71 -67 -67 -77 -75 -78 -76 -74 -73 -72 -73 -73 -75 -73 -75 -70 -67 -71 -72 -74 -74 -76 -76 -74 -75 -73 -74 -74 -75 -74 -73 -72 -71 -71 -71 -71 -70 -70 -70 -69 -70 -69 -70 -70 -70
-62 -63 -65 -62 -66 -65 -57 -61 -64 -64 -63 -64 -63 -63 -59 -65 -66 -66 -67 -68 -69 -68 -67 -67 -66 -65 -67 -67 -68 -71 -73 -73 -73 -71 -70 -69 -70 -70 -70 -73 -73 -75 -73 -76 -77 -78 -80 -77 -75 -78 -67 -74 -76 -77 -77 -77 -76 -73 -72 -71 -75 -76 -78 -76 -74 -74 -72 -74 -73 -73 -76 -77 -75 -75 -75 -75 -72 -72 -73 -72 -72 -71 -72 -70 -70 -70 -70 -70 -70 -70 -70 -70 -69 -69
